NOAA 15                 
1 25338U 98030A   21171.31334313  .00000084  00000-0  53502-4 0  9995
2 25338  98.6812 199.8128 0009169 272.7150  87.2980 14.26038729201654
NOAA 18                 
1 28654U 05018A   21171.42086944  .00000066  00000-0  60270-4 0  9999
2 28654  98.9936 236.2972 0013143 273.6668  86.3000 14.12615481828954
METOP-A                 
1 29499U 06044A   21171.34707398  .00000005  00000-0  21266-4 0  9996
2 29499  98.4712 210.5017 0000728  89.4674 285.8436 14.21501966761158
NOAA 19                 
1 33591U 09005A   21171.31355316  .00000065  00000-0  60290-4 0  9996
2 33591  99.1826 192.0902 0014850 122.4548 237.8061 14.12476237637320
METOP-B                 
1 38771U 12049A   21171.39855541 -.00000006  00000-0  17292-4 0  9996
2 38771  98.7145 231.4385 0001638  53.1374 317.4994 14.21484897454298
SARAL                   
1 39086U 13009A   21171.32471113  .00000003  00000-0  17181-4 0  9998
2 39086  98.5461 357.3297 0000478 131.2708 228.8517 14.32054392434656
METOP-C                 
1 43689U 18087A   21171.43375460 -.00000005  00000-0  17857-4 0  9996
2 43689  98.6854 231.7531 0002784  35.0213 325.1147 14.21498441135874
ANGELS                  
1 44876U 19092D   21170.77422876  .00000444  00000-0  26043-4 0  9995
2 44876  97.4679 354.2871 0012612 171.0170 189.1291 15.16727164 83251
