SAUDISAT 1C             
1 27607U 02058C   21171.14670810 -.00000001  00000-0  20266-4 0  9998
2 27607  64.5559 330.1098 0040896  20.1050 340.1652 14.75758239995114
SAUDISAT 2              
1 28371U 04025F   21169.43739522  .00000098  00000-0  33880-4 0  9999
2 28371  98.3267 121.6527 0025886 142.9125 217.3858 14.54432340900378
SAUDISAT 3              
1 31118U 07012B   21171.33859104  .00000010  00000-0  97756-5 0  9999
2 31118  97.9215 123.2650 0013732 269.8674  90.0958 14.69206727759989
PISAT                   
1 41784U 16059B   21171.38114072  .00000103  00000-0  28707-4 0  9995
2 41784  97.9663 222.7937 0030818 231.5083 128.3355 14.63631161252727
FLYING LAPTOP           
1 42831U 17042G   21171.51405289  .00000077  00000-0  12924-4 0  9994
2 42831  97.4706  41.1146 0015158 133.0381 227.2122 14.91303212214145
SALSAT                  
1 46495U 20068K   21170.92357033 -.00000306  00000-0 -17860-4 0  9994
2 46495  97.6944 108.4040 0018657  64.0057 296.3090 15.03454152 39703
