PROBA-1                 
1 26958U 01049B   21169.48511373 -.00000058  00000-0  44812-6 0  9994
2 26958  97.7701 125.9976 0073640 117.9015 242.9688 14.95703629 70064
BIRD 2                  
1 26959U 01049C   21171.13937225  .00001763  00000-0  47841-4 0  9994
2 26959  97.7951 234.8112 0006755 217.5755 142.5018 15.39117829 91150
CUTE-1 (CO-55)          
1 27844U 03031E   21171.29022912  .00000056  00000-0  44790-4 0  9990
2 27844  98.6792 179.4600 0011101  73.0682 287.1712 14.22315212932426
CUBESAT XI-IV (CO-57)   
1 27848U 03031J   21171.28426066  .00000046  00000-0  40363-4 0  9992
2 27848  98.6848 180.0184 0011032  84.8386 275.4050 14.21891532932249
GENESIS 1               
1 29252U 06029A   21171.32127499  .00000537  00000-0  35329-4 0  9997
2 29252  64.5201 177.9174 0044535 316.2144  43.5450 15.18692238824031
FALCONSAT-3             
1 30776U 07006E   21170.95574766  .00003845  00000-0  92694-4 0  9990
2 30776  35.4343  84.1445 0003768 283.1420  76.8887 15.40801803793493
GENESIS 2               
1 31789U 07028A   21171.48553200  .00000146  00000-0  17166-4 0  9990
2 31789  64.4999 219.7924 0004019 184.0344 176.0747 15.17796913771009
APRIZESAT 4             
1 35684U 09041D   21171.53558549  .00000077  00000-0  17850-4 0  9995
2 35684  98.3068 167.8644 0048368  72.8225 287.8273 14.79373824641605
APRIZESAT 3             
1 35686U 09041F   21171.16438066  .00000061  00000-0  13320-4 0  9998
2 35686  98.1360 244.3835 0071376 289.6815  69.6709 14.87516487644797
PROBA-2                 
1 36037U 09059B   21171.32325079  .00000010  00000-0  13253-4 0  9994
2 36037  98.2238 359.7861 0014190 141.2170 219.0047 14.53154417616756
APRIZESAT 5             
1 37792U 11044E   21171.32823889  .00000065  00000-0  17609-4 0  9991
2 37792  98.3761  30.0169 0059356  77.4569 283.3270 14.75494182529746
APRIZESAT 6             
1 37793U 11044F   21171.31517639  .00000068  00000-0  19279-4 0  9992
2 37793  98.4288   5.4735 0047944 119.8488  54.0297 14.72546615528712
TET-1                   
1 38710U 12039D   21171.41492546  .00004380  00000-0  67738-4 0  9991
2 38710  97.5552 225.3612 0000308   8.1250 352.0008 15.54673243500982
PROBA-V                 
1 39159U 13021A   21171.39220367 -.00000018  00000-0  10153-4 0  9992
2 39159  98.4072 219.5263 0005365  74.7430 285.4342 14.23002649421838
STPSAT-3                
1 39380U 13064A   21170.75487985  .00001113  00000-0  34348-4 0  9993
2 39380  40.5006  51.4275 0003160 205.1649 154.9013 15.38710092425001
APRIZESAT 7             
1 39416U 13066A   21171.25120597  .00000094  00000-0  17186-4 0  9992
2 39416  97.5373 165.4879 0042560 110.8589 249.7192 14.84081703410340
APRIZESAT 8             
1 39425U 13066K   21171.20463148  .00000081  00000-0  16556-4 0  9995
2 39425  97.5814 156.0545 0052646 146.2256 214.2330 14.81284838409605
BUGSAT-1 (TITA)         
1 40014U 14033E   21171.50007069  .00001004  00000-0  94927-4 0  9999
2 40014  98.1096 151.1354 0031747 152.1071 208.1859 14.95759139382024
SAUDISAT 4              
1 40016U 14033G   21171.14957526  .00000037  00000-0  12571-4 0  9993
2 40016  97.6674  20.4638 0047031 235.0796 124.5991 14.75358992376990
APRIZESAT 9             
1 40018U 14033J   21171.24172441  .00000040  00000-0  14498-4 0  9995
2 40018  97.6982 356.8494 0070028 297.1857  62.2223 14.70054538375561
APRIZESAT 10            
1 40019U 14033K   21171.35503426  .00000016  00000-0  11201-4 0  9991
2 40019  97.7345 346.2061 0083522 333.2906  26.4009 14.67108522374886
TDS 1                   
1 40076U 14037H   21171.28878837  .00000374  00000-0  51227-4 0  9990
2 40076  98.4368  18.9339 0007462 149.5209 210.6439 14.84768920376032
TIANTUO 2               
1 40144U 14053B   21171.00854311  .00001130  00000-0  34867-4 0  9997
2 40144  97.2229 253.2173 0013201  69.2057 105.2137 15.35564591379445
TECHNOSAT               
1 42829U 17042E   21171.20531161  .00000126  00000-0  17907-4 0  9997
2 42829  97.4687  40.5974 0015256 133.5661 226.6828 14.91291959214091
FLYING LAPTOP           
1 42831U 17042G   21171.51405289  .00000077  00000-0  12924-4 0  9994
2 42831  97.4706  41.1146 0015158 133.0381 227.2122 14.91303212214145
HAWK-A                  
1 43765U 18099H   21171.35445720  .00000560  00000-0  54482-4 0  9992
2 43765  97.6626 242.7558 0016237  50.0602 310.2043 14.96319707138987
HAWK-B                  
1 43794U 18099AN  21170.61924015  .00000626  00000-0  60322-4 0  9994
2 43794  97.6625 242.0360 0016317  52.4130 307.8570 14.96317352138861
HAWK-C                  
1 43799U 18099AT  21171.15403403  .00000568  00000-0  55223-4 0  9991
2 43799  97.6624 242.4750 0016217  50.6240 309.6415 14.96321102138948
SALSAT                  
1 46495U 20068K   21170.92357033 -.00000306  00000-0 -17860-4 0  9994
2 46495  97.6944 108.4040 0018657  64.0057 296.3090 15.03454152 39703
