TDRS 3                  
1 19548U 88091B   21170.91230306 -.00000302  00000-0  00000+0 0  9993
2 19548  13.9625 354.2542 0034446 329.2678 224.2058  1.00264497107080
FLTSATCOM 8 (USA 46)    
1 20253U 89077A   21170.85393550 -.00000080  00000-0  00000-0 0  9991
2 20253  12.9565   2.7592 0006981  87.8469 196.9837  1.00272546242326
SKYNET 4C               
1 20776U 90079A   21171.20968177  .00000124  00000-0  00000+0 0  9995
2 20776  13.8999   2.8718 0002328  86.3085 288.8291  1.00277343112665
TDRS 5                  
1 21639U 91054B   21170.75094818  .00000083  00000-0  00000+0 0  9993
2 21639  14.2533   7.5750 0026103  10.7885 352.5208  1.00271048109420
TDRS 6                  
1 22314U 93003B   21171.34867924 -.00000298  00000-0  00000+0 0  9991
2 22314  14.0980  10.7679 0010278  94.7277 242.6734  1.00264290104096
UFO 2 (USA 95)          
1 22787U 93056A   21170.21586830  .00000127  00000-0  00000-0 0  9993
2 22787  11.3795  13.1715 0001865 147.5226 213.3637  1.00274649100266
USA 99 (MILSTAR-1 1)    
1 22988U 94009A   21170.62296338 -.00000196  00000-0  00000+0 0  9997
2 22988  14.7558  47.0049 0003636  43.0710 312.2316  1.00274227 13353
ASTRA 1D                
1 23331U 94070A   21171.13243874 -.00000268  00000-0  00000+0 0  9992
2 23331   9.6092  40.0520 0003926  54.5129 148.6800  1.00270853 97882
USA 107 (DSP 17)        
1 23435U 94084A   21170.57224451 -.00000167  00000-0  00000-0 0  9998
2 23435  14.5843   8.7434 0002525  98.4313 270.3567  1.00270137 14671
UFO 4 (USA 108)         
1 23467U 95003A   21170.81878649 -.00000022  00000-0  00000-0 0  9996
2 23467   9.8543  19.2895 0007442  75.8681 280.1876  1.00271978 96663
AMSC 1                  
1 23553U 95019A   21171.15465948 -.00000093  00000-0  00000+0 0  9998
2 23553  11.6097  28.6477 0005978  19.3476 168.6885  1.00273239 95886
TDRS 7                  
1 23613U 95035B   21170.52202402 -.00000203  00000-0  00000+0 0  9990
2 23613  14.1026   1.4542 0030453  45.7128 133.4319  1.00276580 94869
USA 113                 
1 23628U 95038A   21170.87442608 -.00000337  00000-0  00000+0 0  9999
2 23628  11.7622  27.4766 0001411  45.4854 253.7279  1.00264124 13325
USA 115 (MILSTAR-1 2)   
1 23712U 95060A   21170.66804557 -.00000019  00000-0  00000+0 0  9997
2 23712  13.3780  17.0272 0002554  81.3050 290.2566  1.00272634 13369
INMARSAT 3-F1           
1 23839U 96020A   21170.84434955 -.00000283  00000-0  00000-0 0  9999
2 23839   6.8034  60.3264 0008538  32.7828  73.4933  0.99995238 92029
INMARSAT 3-F2           
1 24307U 96053A   21170.61780671  .00000081  00000-0  00000-0 0  9995
2 24307   5.7082  69.5811 0010696  12.5006 240.5792  0.99999478 90682
AMC-1 (GE-1)            
1 24315U 96054A   21171.55735448  .00000069  00000-0  00000+0 0  9996
2 24315   4.7748  76.0766 0003264   1.4225 261.2187  1.00271278 90743
INMARSAT 3-F3           
1 24674U 96070A   21170.79945135 -.00000032  00000-0  00000-0 0  9995
2 24674   6.3654  64.0869 0007281  25.2955 182.3014  0.99977397 89677
INTELSAT 26 (IS-26)     
1 24732U 97007A   21170.65392925 -.00000025  00000-0  00000+0 0  9990
2 24732   9.5554  40.8446 0006992  24.7498 143.4286  1.00341413 88993
USA 130 (DSP 18)        
1 24737U 97008A   21170.21508317 -.00000064  00000-0  00000-0 0  9996
2 24737  13.7499  16.8155 0008660 312.3835  40.0358  0.99030164   742
GALAXY 25 (G-25)        
1 24812U 97026A   21171.26993729  .00000160  00000-0  00000+0 0  9996
2 24812   2.8040  87.1852 0006147   8.6725 302.8871  1.00270039 88096
INTELSAT 5 (IS-5)       
1 24916U 97046A   21171.34308000  .00000091  00000-0  00000+0 0  9997
2 24916   6.4667  63.4312 0004348  19.4807 172.3709  1.00274880 87341
AMC-3 (GE-3)            
1 24936U 97050A   21171.29216385 -.00000255  00000-0  00000+0 0  9995
2 24936   3.6705  82.7464 0003218   5.3772 213.7714  1.00271940 87167
NSS-5                   
1 24957U 97053A   21171.25952021  .00000106  00000-0  00000+0 0  9995
2 24957   6.7089  61.6789 0004176  26.9127 324.0380  1.00274661 86967
USA 134                 
1 25019U 97065A   21171.57941753 -.00000063  00000-0  00000+0 0  9996
2 25019  10.6394  33.7436 0005615   7.9619 323.9620  1.00268855 13326
ASTRA 1G                
1 25071U 97076A   21171.29076522  .00000120  00000-0  00000+0 0  9991
2 25071   5.4276  70.9103 0003465  12.8302 309.0552  1.00273598 86255
INMARSAT 3-F5           
1 25153U 98006B   21170.82844465 -.00000285  00000-0  00000-0 0  9997
2 25153   5.6021  68.1972 0004764  15.9172  68.3858  1.00274120 85616
UFO 8 (USA 138)         
1 25258U 98016A   21170.81861203 -.00000025  00000-0  00000-0 0  9994
2 25258   9.0431  31.3380 0004618  56.5268 286.6217  1.00271479 85567
ASTRA 2A                
1 25462U 98050A   21171.22065507  .00000154  00000-0  00000+0 0  9999
2 25462   2.5105  89.3888 0002555 353.6879 292.9902  1.00267960 83461
JCSAT-4A                
1 25630U 99006A   21171.17040410 -.00000305  00000-0  00000+0 0  9997
2 25630   5.4132  71.5569 0002278 123.0224 271.3854  1.00273439 81726
SKYNET 4E               
1 25639U 99009B   21171.28666513 -.00000034  00000-0  00000+0 0  9998
2 25639  11.0658  18.9118 0002128  77.0121 274.7856  1.00274271 81740
ASIASAT 3S              
1 25657U 99013A   21171.05281000 -.00000222  00000-0  00000+0 0  9991
2 25657   5.5943  70.0818 0004938   9.0666 355.8382  1.00270244 81540
NIMIQ 1                 
1 25740U 99027A   21171.30327243 -.00000193  00000-0  00000+0 0  9994
2 25740   1.9814  90.7850 0006615   0.2936 200.2728  1.00272301 80926
ABS-7                   
1 25894U 99046A   21171.26993729  .00000161  00000-0  00000+0 0  9992
2 25894   1.8615  91.3993 0003338 339.2505 328.5875  1.00269178 78860
ABS-6                   
1 25924U 99053A   21171.29564275 -.00000113  00000-0  00000+0 0  9995
2 25924   0.0215 355.1599 0003710 101.9252  77.0914  1.00270946 79564
AMC-4 (GE-4)            
1 25954U 99060A   21171.34442933  .00000094  00000-0  00000+0 0  9995
2 25954   0.6185  95.8408 0003374 358.4939 163.5251  1.00271083 79202
UFO 10 (USA 146)        
1 25967U 99063A   21170.84404803 -.00000184  00000-0  00000-0 0  9992
2 25967   8.2813  34.5804 0005702  61.8957  92.7563  1.00275797 79069
GALAXY 11 (G-11)        
1 26038U 99071A   21169.54566792 -.00000155  00000-0  00000-0 0  9990
2 26038   2.0881  92.2859 0000510 268.8601   9.1921  1.00270792 78782
USA 148                 
1 26052U 00001A   21171.51168749  .00000040  00000-0  00000+0 0  9992
2 26052   8.9745  44.5315 0002719  32.4183 196.4506  1.00271957 13346
ASIASTAR                
1 26107U 00016A   21170.76117601 -.00000329  00000-0  00000+0 0  9997
2 26107   4.8408  74.7311 0005156  13.8886 198.6235  1.00272503 77868
USA 149 (DSP 20)        
1 26356U 00024A   21170.75147160  .00000097  00000-0  00000-0 0  9996
2 26356  11.8179  23.9041 0000757 358.3921 350.7676  1.00279783 14624
EUTELSAT 80A            
1 26369U 00028A   21171.10327366 -.00000070  00000-0  00000+0 0  9993
2 26369   4.2409  78.5385 0001644  71.3512 153.1719  1.00003734 77196
TDRS 8                  
1 26388U 00034A   21170.65863998 -.00000233  00000-0  00000+0 0  9997
2 26388   9.8004  45.0406 0021805 344.2701 205.2449  1.00275569 76886
INTELSAT 9 (IS-9)       
1 26451U 00043A   21171.34777639 -.00000285  00000-0  00000+0 0  9998
2 26451   6.4532  63.6155 0003663  24.5821 255.7741  1.00270300 76564
NSS-11 (AAP-1)          
1 26554U 00059A   21170.81948437  .00000032  00000-0  00000-0 0  9996
2 26554   0.0145 340.0500 0003313  95.7449 303.4725  1.00271707 23019
USA 153                 
1 26575U 00065A   21170.87282868 -.00000324  00000-0  00000+0 0  9995
2 26575   8.4955  47.8515 0002340  34.7482 274.1343  1.00267077 13328
AMC-6 (GE-6)            
1 26580U 00067A   21171.34074806  .00000111  00000-0  00000+0 0  9990
2 26580   0.0166  33.2210 0002931  59.5546 159.6623  1.00272017 75707
INTELSAT 12 (IS-12)     
1 26590U 00068A   21171.44319747  .00000017  00000-0  00000+0 0  9994
2 26590   3.8011  82.9862 0008646   3.1192  46.5440  1.00272235 75526
INTELSAT 1R (IS-1R)     
1 26608U 00072A   21171.29458552 -.00000133  00000-0  00000+0 0  9990
2 26608   3.6051  83.5640 0000754 259.1049 189.1852  1.00271875 75378
ANIK F1                 
1 26624U 00076A   21171.57690712 -.00000055  00000-0  00000+0 0  9992
2 26624   0.5338  97.4449 0011367 355.5939 274.3817  1.00270507 75450
ASTRA 2D                
1 26638U 00081A   21171.25952021  .00000065  00000-0  00000+0 0  9992
2 26638   6.5399  62.6267 0001770  27.2790 329.3995  1.00273520 75103
AMC-8 (GE-8)            
1 26639U 00081B   21171.34442984  .00000094  00000-0  00000+0 0  9997
2 26639   1.5494  92.3638 0002909   4.5430 160.8586  1.00272060 74999
USA 157 (MILSTAR-2 2)   
1 26715U 01009A   21170.54858347  .00000016  00000-0  00000+0 0  9992
2 26715   9.6698  28.8104 0001354  53.7676 258.7264  1.00267598 13355
EUTELSAT 133 WEST A     
1 26719U 01011A   21171.34688834  .00000083  00000-0  00000+0 0  9994
2 26719   2.8342  86.0447 0004115 358.4082 176.3348  1.00271090 74290
INTELSAT 10 (IS-10)     
1 26766U 01019A   21167.58976038  .00000060  00000-0  00000+0 0  9996
2 26766   4.7223  76.3451 0006806 358.4821 219.9188  1.00407805 73614
INTELSAT 901 (IS-901)   
1 26824U 01024A   21171.28134373 -.00000196  00000-0  00000+0 0  9998
2 26824   0.0186 335.6389 0001111 102.5263 264.3444  1.00268008 73304
ASTRA 2C                
1 26853U 01025A   21170.99428383 -.00000221  00000-0  00000+0 0  9994
2 26853   3.6956  82.5348 0002893 358.9275 157.5969  1.00065803 73292
USA 159 (DSP 21)        
1 26880U 01033A   21170.84329406 -.00000296  00000-0  00000-0 0  9996
2 26880  11.1006  28.0159 0001513 121.6335  13.0731  1.00275894 14681
INTELSAT 902 (IS-902)   
1 26900U 01039A   21171.42042889 -.00000276  00000-0  00000+0 0  9994
2 26900   1.5085  92.9312 0003526  12.6589 264.5129  1.00271292 72496
USA 164 (MILSTAR-2 3)   
1 27168U 02001A   21170.83729781  .00000102  00000-0  00000+0 0  9995
2 27168   9.1345  30.4631 0002175  63.4231 134.7814  1.00274635 13368
ECHOSTAR 7              
1 27378U 02006A   21171.35890190  .00000007  00000-0  00000+0 0  9998
2 27378   0.0109 321.3576 0002022  88.1157 229.7297  1.00269468 70788
INTELSAT 904 (IS-904)   
1 27380U 02007A   21171.28099479 -.00000208  00000-0  00000+0 0  9999
2 27380   2.3430  89.7062 0003396 358.8682 251.7736  1.00269675 70809
TDRS 9                  
1 27389U 02011A   21171.13243874 -.00000285  00000-0  00000+0 0  9992
2 27389   8.2565  64.1016 0023372 295.4759 254.4203  1.00268225 72154
ASTRA 3A                
1 27400U 02015B   21171.29750706 -.00000201  00000-0  00000+0 0  9992
2 27400   6.6537  61.4380 0001646  19.6874 207.9244  1.00272133 70448
NSS-7                   
1 27414U 02019A   21171.22271503 -.00000154  00000-0  00000+0 0  9994
2 27414   5.0659  74.1507 0002325  23.2567 231.3995  1.00271253 70286
DIRECTV 5 (TEMPO 1)     
1 27426U 02023A   21171.36605501 -.00000049  00000-0  00000+0 0  9999
2 27426   0.2257  97.6194 0003439 348.7565 204.0802  1.00270939 70028
INTELSAT 905 (IS-905)   
1 27438U 02027A   21171.28195439 -.00000179  00000-0  00000+0 0  9995
2 27438   2.1645  90.5125 0002966 348.7001 266.5066  1.00271631 69683
GALAXY 3C (G-3C)        
1 27445U 02030A   21171.12434352 -.00000144  00000-0  00000+0 0  9992
2 27445   0.0165 321.2280 0001638  15.6857 241.3583  1.00268972 69673
EUTELSAT 5 WEST A       
1 27460U 02035A   21171.28588000 -.00000036  00000-0  00000+0 0  9991
2 27460   1.4368  93.2729 0005701 348.7075 284.6539  1.00271862 69472
METEOSAT-8 (MSG-1)      
1 27509U 02040B   21170.79264694  .00000139  00000-0  00000-0 0  9990
2 27509   7.3762  52.4747 0002139   5.2995 177.1747  1.00269174 68978
INTELSAT 906 (IS-906)   
1 27513U 02041A   21171.17271914  .00000021  00000-0  00000+0 0  9991
2 27513   1.1735  94.7248 0003068 355.0081 305.1911  1.00271985 68692
HISPASAT 30W-4          
1 27528U 02044A   21171.29957601  .00000123  00000-0  00000+0 0  9990
2 27528   1.9535  90.5904 0005988 357.8077 145.1574  1.00269123 68660
TDRS 10                 
1 27566U 02055A   21171.34164052  .00000092  00000-0  00000+0 0  9995
2 27566   7.5519  51.8842 0010067 336.6110 192.1484  1.00276265 67941
NSS-6                   
1 27603U 02057A   21171.34164310  .00000114  00000-0  00000+0 0  9991
2 27603   0.7086  95.7751 0004483 353.0204 133.4371  1.00269154 67756
NIMIQ 2                 
1 27632U 02062A   21171.30472296 -.00000223  00000-0  00000+0 0  9992
2 27632   5.1771  73.2436 0013915  12.0134  22.6856  1.00271293 67599
USA 167                 
1 27691U 03008A   21171.55834514  .00000057  00000-0  00000+0 0  9994
2 27691   7.3421  56.8231 0004473  16.1102 266.9102  1.00269569 13343
USA 169 (MILSTAR-2 4)   
1 27711U 03012A   21170.95824241 -.00000193  00000-0  00000+0 0  9993
2 27711   9.5895  42.5254 0002656  39.4596 323.4903  1.00273530 13361
GALAXY 12 (G-12)        
1 27715U 03013B   21171.35055956  .00000064  00000-0  00000+0 0  9998
2 27715   2.3782  89.2105 0002055   1.0460 175.7030  1.00270663 66723
ASIASAT 4               
1 27718U 03014A   21171.25257851  .00000160  00000-0  00000+0 0  9996
2 27718   0.0780 105.9924 0001624 348.5203 303.2696  1.00272294 66648
HELLAS-SAT 2            
1 27811U 03020A   21171.30624691 -.00000145  00000-0  00000+0 0  9997
2 27811   2.7957  88.4095 0004149   3.2671 192.0973  1.00270569 66050
THURAYA-2               
1 27825U 03026A   21170.79317036  .00000131  00000-0  00000+0 0  9996
2 27825   6.3054  33.8881 0004732  52.1209 151.7480  1.00273016 66064
OPTUS C1                
1 27831U 03028B   21171.29326490 -.00000146  00000-0  00000+0 0  9992
2 27831   2.3054  90.3932 0006429 357.9125  81.6154  1.00268452 66045
GALAXY 23 (G-23)        
1 27854U 03034A   21171.56610264  .00000019  00000-0  00000+0 0  9997
2 27854   0.0053  52.0956 0003069  43.6963 256.0032  1.00272579 70279
USA 170                 
1 27875U 03040A   21171.12063426 -.00000269  00000-0  00000+0 0  9999
2 27875   6.6309  62.2509 0004343  49.3372 158.1423  1.00270562 13349
GALAXY 13 (HORIZONS 1)  
1 27954U 03044A   21171.35175650  .00000055  00000-0  00000+0 0  9991
2 27954   0.0453  89.5691 0000209 133.4033  45.4297  1.00271095 64878
YAMAL 202               
1 28089U 03053A   21171.01646609 -.00000072  00000-0  00000+0 0  9991
2 28089   1.7377  91.7680 0007119 359.3116 346.8248  1.00272680 64394
UFO 11 (USA 174)        
1 28117U 03057A   21170.72748170 -.00000092  00000-0  00000-0 0  9993
2 28117   6.5013  37.8440 0006246  30.6520 176.3189  1.00271208 64169
USA 176 (DSP 22)        
1 28158U 04004A   21170.65820380 -.00000217  00000-0  00000-0 0  9996
2 28158   9.6264  37.2486 0001105  76.1356 119.0488  1.00272526 14649
ABS-4 (MOBISAT-1)       
1 28184U 04007A   21171.25882844  .00000048  00000-0  00000+0 0  9998
2 28184   1.4231  93.0541 0005663 359.1910 330.5856  1.00269652 63309
EUTELSAT 7A             
1 28187U 04008A   21171.34082090  .00000111  00000-0  00000+0 0  9998
2 28187   1.2136  90.8789 0004754   2.5589 158.8026  1.00270467 63298
AMC-11 (GE-11)          
1 28252U 04017A   21171.34813388  .00000076  00000-0  00000+0 0  9993
2 28252   0.0169 337.8457 0002892 115.4561 169.7938  1.00271958 62428
INTELSAT 10-02          
1 28358U 04022A   21171.28666513 -.00000004  00000-0  00000+0 0  9997
2 28358   0.0233   4.3872 0001406  90.5582 275.9724  1.00270839 62341
ANIK F2                 
1 28378U 04027A   21171.36605473 -.00000043  00000-0  00000+0 0  9994
2 28378   0.0157 313.1591 0000237 131.2054 205.1406  1.00271024 62074
AMC-15                  
1 28446U 04041A   21171.37098271 -.00000082  00000-0  00000+0 0  9992
2 28446   0.0173  19.0963 0002954  69.8503 208.3487  1.00272926 61060
AMC-16                  
1 28472U 04048A   21171.23635984 -.00000199  00000-0  00000+0 0  9990
2 28472   0.0131   7.8091 0002737  83.7728 177.1724  1.00272069 60539
NSS-10 (AMC-12)         
1 28526U 05003A   21171.27942454 -.00000245  00000-0  00000+0 0  9991
2 28526   1.8968  91.0907 0003086 352.1597 248.6022  1.00270839 60046
XTAR-EUR                
1 28542U 05005A   21171.17341149  .00000158  00000-0  00000+0 0  9996
2 28542   0.0347  88.5552 0002577 356.1152 275.3632  1.00270644 59909
XM-3 (RHYTHM)           
1 28626U 05008A   21171.33938345 -.00000198  00000-0  00000+0 0  9995
2 28626   0.0232   4.0887 0002556  80.3019 221.3875  1.00265797 59783
INMARSAT 4-F1           
1 28628U 05009A   21171.31551074 -.00000256  00000-0  00000+0 0  9991
2 28628   3.3690  31.1071 0003070  61.1178  73.5895  1.00271714 59381
DIRECTV 8               
1 28659U 05019A   21171.35890260  .00000008  00000-0  00000+0 0  9997
2 28659   0.0262  92.0952 0003069 355.9076 190.9370  1.00271537 58909
GALAXY 28 (G-28)        
1 28702U 05022A   21171.27827223 -.00000179  00000-0  00000+0 0  9990
2 28702   0.0118 102.5646 0003449 266.6575 270.6622  1.00272060 58547
EXPRESS-AM3             
1 28707U 05023A   21171.07601481  .00000140  00000-0  00000+0 0  9997
2 28707   2.6857  87.1579 0000362  77.6889 153.9887  1.00272463 58556
THAICOM 4               
1 28786U 05028A   21171.31071278 -.00000356  00000-0  00000+0 0  9991
2 28786   0.0208 344.8502 0002611  97.0450  58.1839  1.00270715 58048
GALAXY 14 (G-14)        
1 28790U 05030A   21171.28404806 -.00000064  00000-0  00000+0 0  9998
2 28790   0.3612  95.0796 0002755 339.1560 282.5280  1.00504849 58025
ANIK F1R                
1 28868U 05036A   21170.97839392 -.00000067  00000-0  00000+0 0  9990
2 28868   0.0126 355.4641 0002828  80.2628  77.5972  1.00270945 57879
GALAXY 15 (G-15)        
1 28884U 05041A   21170.97324699  .00000086  00000-0  00000+0 0  9993
2 28884   0.0181 312.0958 0001677 142.2680  31.3962  1.00272032 57322
SYRACUSE 3A             
1 28885U 05041B   21171.25952021  .00000136  00000-0  00000+0 0  9998
2 28885   0.2262  98.1185 0003722 350.5312 320.4515  1.00272557 57450
INMARSAT 4-F2           
1 28899U 05044A   21171.17271914  .00000015  00000-0  00000+0 0  9998
2 28899   3.2417  33.7704 0003048  61.9787 298.9141  1.00272530 57222
TELKOM 2                
1 28902U 05046A   21153.10396527 -.00000146  00000-0  00000+0 0  9992
2 28902   0.0146  78.1469 0001084  36.8609 330.1968  1.00271656 56788
SPACEWAY 2              
1 28903U 05046B   21171.34082052  .00000110  00000-0  00000+0 0  9994
2 28903   1.0588  91.8416 0001054   8.2839 152.4259  1.00271196 57215
METEOSAT-9 (MSG-2)      
1 28912U 05049B   21170.85690859  .00000025  00000-0  00000-0 0  9998
2 28912   5.2157  68.4342 0000361 343.6052 168.3716  1.00278125 56755
EUTELSAT 174A           
1 28924U 05052A   21171.30944841  .00000017  00000-0  00000+0 0  9999
2 28924   0.0529  30.4367 0006558  59.9020 103.7923  1.00271658 56708
ECHOSTAR 10             
1 28935U 06003A   21171.36605546 -.00000049  00000-0  00000+0 0  9996
2 28935   0.0157 177.0415 0001335 271.7340 201.6035  1.00271717 56232
SPAINSAT                
1 28945U 06007A   21171.33677849 -.00000209  00000-0  00000+0 0  9991
2 28945   0.0179 240.0169 0003013 235.7433 244.2750  1.00270236 55952
EUTELSAT HOTBIRD 13E    
1 28946U 06007B   21171.28945668  .00000094  00000-0  00000+0 0  9994
2 28946   0.0511 157.7233 0005377 321.5242 266.6599  1.00270434 56024
JCSAT-5A                
1 29045U 06010A   21171.31315537 -.00000321  00000-0  00000+0 0  9993
2 29045   0.0158  69.2576 0002055  15.6057  68.6770  1.00269934 55667
ASTRA 1KR               
1 29055U 06012A   21171.29067799  .00000126  00000-0  00000+0 0  9999
2 29055   0.0359 275.9832 0001686 224.9015 251.6388  1.00269932 55465
EWS-G1 (GOES 13)        
1 29155U 06018A   21170.86842373  .00000046  00000-0  00000+0 0  9998
2 29155   0.1126 257.9209 0003865 285.6226  98.7777  1.00267816 55221
EUTELSAT 113 WEST A     
1 29162U 06020A   21171.36366878 -.00000031  00000-0  00000+0 0  9991
2 29162   0.0217 247.5002 0003040 201.6574 197.5449  1.00272448 55180
GALAXY 16 (G-16)        
1 29236U 06023A   21171.30714917 -.00000120  00000-0  00000+0 0  9990
2 29236   0.0166  69.2710 0002810  29.3445 181.6911  1.00272437 54989
EUTELSAT HOTBIRD 13B    
1 29270U 06032A   21171.28945668  .00000093  00000-0  00000+0 0  9992
2 29270   0.0644  14.3220 0004078  62.5501 309.0324  1.00270570 54581
JCSAT-3A                
1 29272U 06033A   21171.31237024 -.00000338  00000-0  00000+0 0  9992
2 29272   0.0427 109.1856 0001930 329.1506  70.8663  1.00270125 54485
SYRACUSE 3B             
1 29273U 06033B   21171.28579278 -.00000037  00000-0  00000+0 0  9995
2 29273   0.0162  45.7321 0005389  42.2845 278.3768  1.00270675 54475
KOREASAT 5 (MUGUNGWHA 5)
1 29349U 06034A   21171.30940422 -.00000351  00000-0  00000+0 0  9995
2 29349   0.0395 121.3886 0001847 356.8170  14.9809  1.00271916 54350
DIRECTV 9S              
1 29494U 06043A   21171.30925554 -.00000106  00000-0  00000+0 0  9993
2 29494   0.0425 165.8197 0003100 281.7440 191.3041  1.00270699 53829
OPTUS D1                
1 29495U 06043B   21171.29687896 -.00000104  00000-0  00000+0 0  9994
2 29495   0.0212  17.7209 0003891  73.9414  83.9428  1.00270201 53860
XM-4 (BLUES)            
1 29520U 06049A   21170.97673642 -.00000016  00000-0  00000+0 0  9999
2 29520   0.0121 351.8874 0000240  53.3066  99.6147  1.00270736 53717
BADR-4                  
1 29526U 06051A   21171.29207376  .00000151  00000-0  00000+0 0  9990
2 29526   0.0404 347.7038 0002557  85.4459 326.7067  1.00272294 53613
WILDBLUE-1              
1 29643U 06054A   21171.36605483 -.00000042  00000-0  00000+0 0  9992
2 29643   0.0366  98.6055 0001846 343.4779 207.3060  1.00271405 53264
AMC-18                  
1 29644U 06054B   21171.27026476 -.00000209  00000-0  00000+0 0  9997
2 29644   0.0091 340.4321 0002179 106.5842 195.9787  1.00270707 53276
MEASAT-3                
1 29648U 06056A   21171.52046706 -.00000235  00000-0  00000+0 0  9998
2 29648   0.0636 123.8997 0003570 350.4485  73.4835  1.00270781 53272
INSAT-4B                
1 30793U 07007A   21171.16160498 -.00000181  00000-0  00000+0 0  9993
2 30793   1.3304  93.6656 0000644 311.0857   7.5130  1.00268039 52281
SKYNET 5A               
1 30794U 07007B   21171.44939120 -.00000265  00000-0  00000+0 0  9994
2 30794   1.4505  90.4686 0003910   7.4088  67.9893  1.00270320 52377
ANIK F3                 
1 31102U 07009A   21171.35890198  .00000006  00000-0  00000+0 0  9993
2 31102   0.0131 317.9508 0002537 113.4374 207.8970  1.00270271 52052
ASTRA 1L                
1 31306U 07016A   21171.50601715  .00000126  00000-0  00000+0 0  9992
2 31306   0.0476 315.3818 0001817  78.3605  76.5116  1.00269820 51760
GALAXY 17 (G-17)        
1 31307U 07016B   21170.83806564 -.00000167  00000-0  00000-0 0  9994
2 31307   0.0399  78.5499 0003199   3.4269  37.0098  1.00271302 51521
ZHONGXING-6B            
1 31800U 07031A   21168.97852946 -.00000354  00000-0  00000-0 0  9994
2 31800   0.0159 284.6642 0003642 160.4031 289.1106  1.00268289 51178
DIRECTV 10              
1 31862U 07032A   21171.31106056 -.00000096  00000-0  00000+0 0  9991
2 31862   0.0438 177.9870 0000153 294.7451 165.1859  1.00270258 51126
SPACEWAY 3              
1 32018U 07036A   21171.30624691 -.00000144  00000-0  00000+0 0  9992
2 32018   0.0374 183.3601 0000244 289.0588 171.6102  1.00269038 50846
BSAT-3A                 
1 32019U 07036B   21171.30879358 -.00000343  00000-0  00000+0 0  9996
2 32019   0.0558 217.1683 0001633 307.9834 324.6147  1.00272061 50786
OPTUS D2                
1 32252U 07044A   21171.55396580 -.00000177  00000-0  00000+0 0  9997
2 32252   0.0053  95.9347 0003837 353.7893 170.6756  1.00270318 50166
INTELSAT 11 (IS-11)     
1 32253U 07044B   21171.27829049 -.00000262  00000-0  00000+0 0  9993
2 32253   0.0172  36.3385 0002012  69.6125 219.9580  1.00271255 50258
WGS F1 (USA 195)        
1 32258U 07046A   21171.27487257  .00000048  00000-0  00000+0 0  9992
2 32258   0.0306  90.0736 0000732   9.3291 274.2644  1.00271494 50048
STAR ONE C1             
1 32293U 07056A   21171.29274044 -.00000270  00000-0  00000+0 0  9990
2 32293   0.1119  98.4202 0002879 354.7033 215.9833  1.00271324 49823
SKYNET 5B               
1 32294U 07056B   21171.29181205  .00000149  00000-0  00000+0 0  9991
2 32294   0.6314  89.5778 0003275   0.4625 308.8362  1.00272415 49919
ASTRA 4A (SIRIUS 4)     
1 32299U 07057A   21171.28779920  .00000039  00000-0  00000+0 0  9991
2 32299   0.0332  65.2660 0002670  20.6321 291.2394  1.00269600 49680
HORIZONS 2              
1 32388U 07063B   21171.30376337 -.00000176  00000-0  00000+0 0  9998
2 32388   0.0217  61.9236 0003058  25.0224  15.9930  1.00271848 49601
THURAYA-3               
1 32404U 08001A   21170.94759963 -.00000297  00000-0  00000+0 0  9993
2 32404   3.8507  16.7838 0004939  67.6298 263.6042  1.00271596 49258
EXPRESS-AM33            
1 32478U 08003A   21171.29390573  .00000153  00000-0  00000+0 0  9993
2 32478   0.1519  92.9024 0006733  14.6425 302.3370  1.00003826 49336
THOR 5                  
1 32487U 08006A   21171.28666513 -.00000003  00000-0  00000+0 0  9990
2 32487   0.0152 275.9888 0002620 173.4256 281.7441  1.00270828 48905
AMC-14                  
1 32708U 08011A   21170.83729781  .00000074  00000-0  00000+0 0  9996
2 32708  21.5308  42.7234 0042850   7.6173 177.3725  1.00269451 49818
DIRECTV 11              
1 32729U 08013A   21171.30865378 -.00000118  00000-0  00000+0 0  9997
2 32729   0.0400 149.7500 0000295 325.0551 165.8640  1.00268240 48658
ICO G1                  
1 32763U 08016A   21171.31444826 -.00000167  00000-0  00000+0 0  9994
2 32763   3.7670  20.0510 0001872  76.9801 192.0492  1.00271482 48186
VINASAT-1               
1 32767U 08018A   21171.31315537 -.00000321  00000-0  00000+0 0  9998
2 32767   0.0096   8.1661 0001687  83.6992  61.5662  1.00272224 48315
STAR ONE C2             
1 32768U 08018B   21171.41641602 -.00000258  00000-0  00000+0 0  9994
2 32768   0.0436 157.7578 0002085 323.8619 227.1350  1.00269405 48276
TIANLIAN 1-01           
1 32779U 08019A   21170.22966196 -.00000134  00000-0  00000-0 0  9997
2 32779   4.9293  70.8106 0030578 274.8607  84.6596  1.00271135 48185
AMOS-3                  
1 32794U 08022A   21171.28605448 -.00000029  00000-0  00000+0 0  9997
2 32794   0.0153  74.0187 0002280   5.0353 288.5102  1.00270514 48177
GALAXY 18 (G-18)        
1 32951U 08024A   21171.35532407  .00000032  00000-0  00000+0 0  9999
2 32951   0.0232  79.4801 0003288  12.1784 182.0324  1.00270748 47800
CHINASAT 9 (ZX 9)       
1 33051U 08028A   21171.19563604 -.00000240  00000-0  00000+0 0  9992
2 33051   0.0225  93.8074 0004795   9.3172 328.1334  1.00270473 47730
SKYNET 5C               
1 33055U 08030A   21171.28326293 -.00000133  00000-0  00000+0 0  9991
2 33055   0.0607  13.1927 0004707  92.0488 247.6529  1.00271766 47627
TURKSAT 3A              
1 33056U 08030B   21171.15164837  .00000153  00000-0  00000+0 0  9993
2 33056   0.0509  86.5469 0005343 353.9971 284.6246  1.00269049 47805
INTELSAT 25 (IS-25)     
1 33153U 08034A   21171.28055861 -.00000217  00000-0  00000+0 0  9997
2 33153   0.0374 142.1584 0003122 297.4492 258.5949  1.00270833 47367
BADR-6                  
1 33154U 08034B   21171.29198653  .00000151  00000-0  00000+0 0  9992
2 33154   0.0630  49.4761 0006250  38.4018 311.9473  1.00269211 47477
ECHOSTAR 11             
1 33207U 08035A   21171.36727979 -.00000050  00000-0  00000+0 0  9998
2 33207   0.0171 330.7707 0002744 117.1355 203.1128  1.00271140 47377
SUPERBIRD-C2            
1 33274U 08038A   21171.34873421 -.00000244  00000-0  00000+0 0  9992
2 33274   0.0158 309.5209 0002014 142.8181  85.9403  1.00271244 47107
AMC-21                  
1 33275U 08038B   21171.35413483  .00000043  00000-0  00000+0 0  9998
2 33275   0.0297  63.8158 0002573  14.8555 192.6984  1.00270722 47186
INMARSAT 4-F3           
1 33278U 08039A   21171.30865378 -.00000135  00000-0  00000+0 0  9994
2 33278   3.2076  16.0852 0002744  82.1083 183.6409  1.00271269 46980
NIMIQ 4                 
1 33373U 08044A   21171.29216385 -.00000214  00000-0  00000+0 0  9990
2 33373   0.0476 302.4924 0002582 118.4742 230.9620  1.00273706 46554
GALAXY 19 (G-19)        
1 33376U 08045A   21171.30714917 -.00000132  00000-0  00000+0 0  9999
2 33376   0.0209 339.6698 0003322 112.0307 190.6045  1.00270339 46553
ASTRA 1M                
1 33436U 08057A   21171.29067799  .00000126  00000-0  00000+0 0  9998
2 33436   0.0164  81.4969 0005133  31.1653 279.8923  1.00269164 46201
CIEL-2                  
1 33453U 08063A   21171.35055875  .00000065  00000-0  00000+0 0  9995
2 33453   0.0247 265.7427 0003179 191.5948 168.7883  1.00271230 45852
EUTELSAT HOTBIRD 13C    
1 33459U 08065A   21171.50479586  .00000093  00000-0  00000+0 0  9990
2 33459   0.0439  38.4179 0006203  54.3077  10.9211  1.00270203 45975
EUTELSAT 48D            
1 33460U 08065B   21171.28430976 -.00000094  00000-0  00000+0 0  9999
2 33460   0.5595  97.4206 0003530 348.8701 272.2515  1.00271750 45839
FENGYUN 2E              
1 33463U 08066A   21170.72992431 -.00000201  00000-0  00000-0 0  9991
2 33463   5.1180  67.1941 0003032 334.8318 215.6682  1.00276301 45809
EXPRESS-AM44            
1 33595U 09007A   21171.14109281 -.00000082  00000-0  00000+0 0  9999
2 33595   0.0398 205.5461 0000983 286.4025 176.4061  1.00271669 45272
NSS-9                   
1 33749U 09008A   21171.18799326  .00000079  00000-0  00000+0 0  9995
2 33749   0.0210  42.6781 0002174  46.4478  70.2306  1.00271891 45282
EUTELSAT 33E            
1 33750U 09008B   21171.26959007  .00000162  00000-0  00000+0 0  9993
2 33750   0.0854  57.9036 0004162  29.3027 311.6351  1.00273346 45323
TELSTAR 11N             
1 34111U 09009A   21171.27933730 -.00000244  00000-0  00000+0 0  9994
2 34111   0.0189 339.0568 0002845  87.7636 264.9043  1.00270042 45148
EUTELSAT 10A            
1 34710U 09016A   21171.28884604  .00000075  00000-0  00000+0 0  9994
2 34710   0.0673  24.1910 0005201  67.1279 291.3684  1.00272441 44697
WGS F2 (USA 204)        
1 34713U 09017A   21171.25952021  .00000075  00000-0  00000+0 0  9994
2 34713   0.0522  97.0420 0000438 267.3749  55.1945  1.00269266 44665
SES-7 (PROTOSTAR 2)     
1 34941U 09027A   21171.30844463 -.00000338  00000-0  00000+0 0  9997
2 34941   0.0347  81.1994 0000465 265.4693 141.3475  1.00268981 44333
MEASAT-3A               
1 35362U 09032A   21171.22132837 -.00000235  00000-0  00000+0 0  9993
2 35362   0.0492 225.0402 0001595 280.4202 294.3737  1.00272512 43955
GOES 14                 
1 35491U 09033A   21171.31106056 -.00000087  00000-0  00000+0 0  9996
2 35491   0.3118 108.2757 0010292 100.8637  67.3680  1.00271127 43879
FM-5                    
1 35493U 09034A   21171.30605201 -.00000194  00000-0  00000+0 0  9993
2 35493   0.0194 319.9279 0001051  67.7359 265.1048  1.00272417 43696
TERRESTAR-1             
1 35496U 09035A   21171.36583338 -.00000051  00000-0  00000+0 0  9991
2 35496   2.7774  29.5686 0002641  62.2037 197.6952  1.00271525 43879
ASIASAT 5               
1 35696U 09042A   21171.30687439 -.00000301  00000-0  00000+0 0  9990
2 35696   0.0427 299.8801 0001738 107.4740  72.3943  1.00276919 43395
JCSAT-RA (JCSAT-12)     
1 35755U 09044A   21171.17694678 -.00000025  00000-0  00000+0 0  9999
2 35755   0.0216 244.6302 0001956 192.3277  64.2333  1.00271933 43384
OPTUS D3                
1 35756U 09044B   21171.31795334 -.00000140  00000-0  00000+0 0  9995
2 35756   0.0287 350.2057 0003567  81.2638 107.7340  1.00271987 43358
PALAPA D                
1 35812U 09046A   21169.96624351 -.00000074  00000-0  00000-0 0  9995
2 35812   0.9814 104.8163 0022747 341.8155 273.6327  0.98745048 43377
NIMIQ 5                 
1 35873U 09050A   21171.27235843 -.00000250  00000-0  00000+0 0  9993
2 35873   0.0163 326.8705 0003017 144.7166 182.4708  1.00271583 43070
AMAZONAS 2              
1 35942U 09054A   21171.27471380 -.00000276  00000-0  00000+0 0  9990
2 35942   0.0576 122.6382 0005116 347.0115 196.9701  1.00270015 42893
COMSATBW-1              
1 35943U 09054B   21171.25882844  .00000031  00000-0  00000+0 0  9998
2 35943   0.0279  72.6160 0004029  28.6253 323.6417  1.00272290 42989
NSS-12                  
1 36032U 09058A   21171.25952021  .00000078  00000-0  00000+0 0  9998
2 36032   0.0140  26.0605 0002793  64.0294 329.0225  1.00271414 42634
THOR 6                  
1 36033U 09058B   21171.28666513 -.00000004  00000-0  00000+0 0  9990
2 36033   0.0103 356.5178 0002226 108.1467 266.3932  1.00269579 42696
INTELSAT 14 (IS-14)     
1 36097U 09064A   21171.27785431 -.00000267  00000-0  00000+0 0  9998
2 36097   0.0192  76.6678 0002730  16.7057 230.3622  1.00271300 42410
EUTELSAT 36B            
1 36101U 09065A   21171.29399295  .00000162  00000-0  00000+0 0  9999
2 36101   0.0669  21.3801 0005081  68.5599 320.5026  1.00272520 42536
INTELSAT 15 (IS-15)     
1 36106U 09067A   21171.30385063 -.00000179  00000-0  00000+0 0  9995
2 36106   0.0076 327.8281 0002460 124.2415  11.1957  1.00272559 42329
WGS F3 (USA 211)        
1 36108U 09068A   21171.35651610  .00000026  00000-0  00000+0 0  9997
2 36108   0.1130  95.9709 0000238  21.8029 157.4481  1.00267767 42236
DIRECTV 12              
1 36131U 09075A   21171.31106056 -.00000097  00000-0  00000+0 0  9995
2 36131   0.0104 187.7326 0000217 236.9625 213.3077  1.00269756 42104
BEIDOU 3                
1 36287U 10001A   21169.95106506 -.00000275  00000-0  00000+0 0  9993
2 36287   1.8765  46.2240 0005312  79.2761 264.6413  1.00267375 41862
RADUGA-1M 2             
1 36358U 10002A   21171.30376337 -.00000177  00000-0  00000+0 0  9997
2 36358   0.0766 253.1357 0003165 209.0512   0.8936  1.00272415 41739
SDO                     
1 36395U 10005A   21170.35805859 -.00000054  00000-0  00000+0 0  9995
2 36395  30.9707 115.1731 0001446 316.0119 223.7034  1.00270689 41749
INTELSAT 16 (IS-16)     
1 36397U 10006A   21171.29216385 -.00000238  00000-0  00000+0 0  9996
2 36397   0.0169 349.2435 0002171  98.4614 209.9964  1.00271200 41433
GOES 15                 
1 36411U 10008A   21171.35055875  .00000062  00000-0  00000+0 0  9991
2 36411   0.1322 133.6786 0004350 282.1880 210.6976  1.00274314 41389
ECHOSTAR 14             
1 36499U 10010A   21171.35890262  .00000007  00000-0  00000+0 0  9996
2 36499   0.0180 326.4813 0002905 122.9499 189.6633  1.00271077 41254
SES-1                   
1 36516U 10016A   21171.30925554 -.00000108  00000-0  00000+0 0  9993
2 36516   0.0243 309.5159 0002947 136.0238 193.5343  1.00270847 40853
ASTRA 3B                
1 36581U 10021A   21171.29155035  .00000144  00000-0  00000+0 0  9997
2 36581   0.0332 348.2275 0003893 116.3642 292.5747  1.00273392 40377
COMSATBW-2              
1 36582U 10021B   21171.28945668  .00000094  00000-0  00000+0 0  9990
2 36582   0.0275 336.8208 0002635 122.3613 286.9464  1.00268130 40716
BADR-5                  
1 36592U 10025A   21170.86135762  .00000151  00000-0  00000-0 0  9999
2 36592   0.0403 146.5325 0005003 329.3572 128.5066  1.00267194 34936
COMS 1                  
1 36744U 10032A   21170.88177083 -.00000337  00000-0  00000-0 0  9997
2 36744   0.2141  95.2710 0001037 349.4695 269.1776  1.00271958 32803
ARABSAT-5A              
1 36745U 10032B   21171.29294611  .00000160  00000-0  00000+0 0  9993
2 36745   0.0657  44.7413 0004994  70.0238 289.8818  1.00272398 40352
ECHOSTAR 15             
1 36792U 10034A   21171.27453934 -.00000275  00000-0  00000+0 0  9998
2 36792   0.0188 292.6834 0001835 147.4145 225.7876  1.00269023 40119
BEIDOU 5                
1 36828U 10036A   21171.59640069  .00000014  00000-0  00000+0 0  9992
2 36828  54.1788 179.5625 0114130 235.5236 186.7760  1.00259802 39940
NILESAT 201             
1 36830U 10037A   21171.27517352 -.00000051  00000-0  00000+0 0  9991
2 36830   0.0570 154.7008 0006312 294.6676 271.3806  1.00271242 40012
RASCOM-QAF 1R           
1 36831U 10037B   21171.28745025  .00000025  00000-0  00000+0 0  9993
2 36831   0.0256  84.8696 0004507   5.7782 284.4381  1.00272481 40012
AEHF-1 (USA 214)        
1 36868U 10039A   21170.92875666  .00000033  00000-0  00000+0 0  9999
2 36868   3.6314  91.8101 0007330 358.2224 156.7261  1.00274523 40151
CHINASAT 6A (ZX 6A)     
1 37150U 10042A   21169.83799543 -.00000347  00000-0  00000+0 0  9994
2 37150   0.0100 269.9697 0003971 265.2389 158.7424  1.00266342 39605
QZS-1 (MICHIBIKI-1)     
1 37158U 10045A   21170.76993878 -.00000073  00000-0  00000+0 0  9992
2 37158  41.9676 138.4292 0760144 270.6898 277.2698  1.00266494 39432
XM-5                    
1 37185U 10053A   21171.33938345 -.00000199  00000-0  00000+0 0  9992
2 37185   0.0240 254.9312 0004394 339.5867  71.2731  1.00274538 39169
BSAT-3B                 
1 37207U 10056B   21171.30879358 -.00000344  00000-0  00000+0 0  9997
2 37207   0.0706 306.7681 0001776  62.7116 120.2826  1.00271885 38991
BEIDOU 6                
1 37210U 10057A   21171.53729992 -.00000107  00000-0  00000+0 0  9992
2 37210   0.8448  48.5754 0004015 117.6759  96.0822  1.00270504 39006
SKYTERRA 1              
1 37218U 10061A   21171.30895472 -.00000113  00000-0  00000+0 0  9994
2 37218   2.1589  17.3629 0002026  43.9250 217.3934  1.00272030 38947
ZHONGXING-20A           
1 37234U 10064A   21171.57757775 -.00000344  00000-0  00000+0 0  9993
2 37234   1.7522  92.6925 0003421  15.0356 135.6044  1.00271500 38753
HYLAS 1                 
1 37237U 10065A   21171.31847676 -.00000115  00000-0  00000+0 0  9995
2 37237   1.0172  93.8719 0002311 343.0305 105.2663  1.00271215 38729
INTELSAT 17 (IS-17)     
1 37238U 10065B   21171.15644635  .00000005  00000-0  00000+0 0  9995
2 37238   0.0056 301.9380 0002494 158.8713 290.0845  1.00272405 38642
BEIDOU 7                
1 37256U 10068A   21171.03282853 -.00000240  00000-0  00000+0 0  9997
2 37256  50.8581 293.9693 0085955 215.3119 248.2254  1.00253419 38516
EUTELSAT KA-SAT 9A      
1 37258U 10069A   21171.28867156  .00000068  00000-0  00000+0 0  9999
2 37258   0.0731 275.5391 0006429 198.5775 267.5116  1.00270471 38543
HISPASAT 30W-5          
1 37264U 10070A   21171.28082031 -.00000209  00000-0  00000+0 0  9997
2 37264   0.0415 134.4875 0005552 334.2437 231.0637  1.00272412 38382
KOREASAT 6              
1 37265U 10070B   21171.31001487 -.00000355  00000-0  00000+0 0  9990
2 37265   0.0094 341.2030 0002205 104.8857  50.2597  1.00272387 38406
BEIDOU 8                
1 37384U 11013A   21171.58755961 -.00000224  00000-0  00000+0 0  9997
2 37384  59.7804  57.8753 0051997 205.2959 333.6693  1.00252810 37392
INTELSAT NEW DAWN       
1 37392U 11016A   21170.93451424  .00000163  00000-0  00000+0 0  9995
2 37392   0.0238 253.4505 0001296 169.9900 214.1540  1.00272956 37239
YAHSAT 1A               
1 37393U 11016B   21170.93843986  .00000108  00000-0  00000+0 0  9993
2 37393   0.0178 334.3552 0002511 115.2679 209.0794  1.00269200 37278
SBIRS GEO-1 (USA 230)   
1 37481U 11019A   21171.16716206 -.00000002  00000-0  00000+0 0  9998
2 37481   1.8145   2.4922 0002057  89.4667 303.0088  1.00272062 37065
TELSTAR 14R             
1 37602U 11021A   21171.27427762 -.00000273  00000-0  00000+0 0  9994
2 37602   0.0245 326.6986 0002737 100.2505 237.4952  1.00270046 37500
GSAT-8                  
1 37605U 11022A   21171.25952021  .00000091  00000-0  00000+0 0  9994
2 37605   0.0389 124.3523 0002494 183.1464 109.7009  1.00272994 36963
ST-2                    
1 37606U 11022B   21171.30437403 -.00000205  00000-0  00000+0 0  9991
2 37606   0.0190 319.3733 0001302 137.8844   9.0540  1.00272507 36971
CHINASAT 10 (ZX 10)     
1 37677U 11026A   21171.30888081 -.00000345  00000-0  00000+0 0  9990
2 37677   0.0823 261.3185 0003651 246.7736 342.3419  1.00274493 36680
TIANLIAN 1-02           
1 37737U 11032A   21171.61395946 -.00000011  00000-0  00000+0 0  9991
2 37737   2.3232  74.3170 0016418  89.7000 137.0085  1.00271998 36445
GSAT-12                 
1 37746U 11034A   21171.25952021  .00000131  00000-0  00000+0 0  9998
2 37746   0.4770  96.8870 0011509 352.9845 320.1970  1.00271025 36679
SES-3                   
1 37748U 11035A   21171.31106056 -.00000095  00000-0  00000+0 0  9997
2 37748   0.0157   5.6242 0003319  78.7376 193.3535  1.00272148 36415
KAZSAT-2                
1 37749U 11035B   21171.30411231 -.00000190  00000-0  00000+0 0  9997
2 37749   0.0290 176.5010 0001819 332.8596 315.3488  1.00269776 36298
BEIDOU 9                
1 37763U 11038A   21171.34348543  .00000011  00000-0  00000+0 0  9996
2 37763  54.4644 182.0087 0083761 226.8023  78.7593  1.00264566 36366
ASTRA 1N                
1 37775U 11041A   21171.29067799  .00000126  00000-0  00000+0 0  9995
2 37775   0.0405  13.2917 0005221  49.6665 329.5883  1.00269802 36127
BSAT-3C (JCSAT-110R)    
1 37776U 11041B   21171.30879358 -.00000344  00000-0  00000+0 0  9993
2 37776   0.0161  64.7641 0000089 249.2251 175.8617  1.00273113 36248
PAKSAT-1R               
1 37779U 11042A   21171.29442913  .00000161  00000-0  00000+0 0  9994
2 37779   0.0389 171.7813 0006934 242.1557 358.7664  1.00269754 36003
CHINASAT 1A (ZX 1A)     
1 37804U 11047A   21170.02076502 -.00000331  00000-0  00000+0 0  9995
2 37804   0.0185 246.4487 0001176 134.5918  23.7428  1.00268138 35787
SES-2                   
1 37809U 11049A   21171.30327243 -.00000189  00000-0  00000+0 0  9996
2 37809   0.0115  29.1403 0002939  60.6307 201.1382  1.00271694 35713
ARABSAT-5C              
1 37810U 11049B   21171.29076522  .00000130  00000-0  00000+0 0  9992
2 37810   0.0553   8.3778 0005349 122.2856 262.7058  1.00270867 35632
EUTELSAT 7 WEST A       
1 37816U 11051A   21171.27517352 -.00000054  00000-0  00000+0 0  9996
2 37816   0.0756  41.7911 0005271  91.9920 226.6888  1.00270386 35693
QUETZSAT 1              
1 37826U 11054A   21171.27148606 -.00000235  00000-0  00000+0 0  9993
2 37826   0.0124   8.7231 0002986  88.1228 192.5916  1.00271528 35816
INTELSAT 18 (IS-18)     
1 37834U 11056A   21171.32275132  .00000060  00000-0  00000+0 0  9990
2 37834   0.0161   6.5118 0002514  95.8089 102.6198  1.00272245 35566
EUTELSAT 16A            
1 37836U 11057A   21171.29006733  .00000110  00000-0  00000+0 0  9994
2 37836   0.0642   8.8066 0005496  83.4069 296.9146  1.00270517 35517
VIASAT-1                
1 37843U 11059A   21171.36248424 -.00000017  00000-0  00000+0 0  9994
2 37843   0.0217 339.5012 0002537 115.7694 188.9013  1.00268516 35995
ASIASAT 7               
1 37933U 11069A   21167.36014076 -.00000325  00000-0  00000+0 0  9996
2 37933   0.0346 263.6156 0000713 138.3558  97.9876  1.00265812 35147
BEIDOU 10               
1 37948U 11073A   21170.80334573 -.00000174  00000-0  00000+0 0  9999
2 37948  50.9600 293.5921 0075450 214.6462 143.0403  1.00292944 35116
LUCH 5A                 
1 37951U 11074B   21171.61014275 -.00000039  00000-0  00000+0 0  9998
2 37951   4.1255 105.2874 0006227 339.8202 210.6702  1.00274925 34910
NIGCOMSAT 1R            
1 38014U 11077A   21171.29503979  .00000152  00000-0  00000+0 0  9995
2 38014   0.0522 128.1445 0002187 317.9701 331.3084  1.00269528 34752
FENGYUN 2F              
1 38049U 12002A   21171.45675657 -.00000352  00000-0  00000+0 0  9996
2 38049   2.9218  82.1110 0002046  46.9398  55.9438  1.00283483 34619
WGS F4 (USA 233)        
1 38070U 12003A   21171.30446126 -.00000207  00000-0  00000+0 0  9991
2 38070   0.0166 337.6298 0000458  34.7250  94.3828  1.00268031 34449
SES-4                   
1 38087U 12007A   21171.28247781 -.00000161  00000-0  00000+0 0  9995
2 38087   0.0135 355.6813 0002434 103.7918 248.9303  1.00272790 34217
BEIDOU 11               
1 38091U 12008A   21171.51386839  .00000063  00000-0  00000+0 0  9995
2 38091   1.5574  67.8189 0007887 333.4961 111.2933  1.00273751 34208
MUOS-1                  
1 38093U 12009A   21170.97987692 -.00000122  00000-0  00000+0 0  9998
2 38093   2.6245  20.8821 0056544   3.4551 136.8435  1.00271253 34173
INTELSAT 22 (IS-22)     
1 38098U 12011A   21170.95049336 -.00000052  00000-0  00000+0 0  9990
2 38098   0.0388  88.3164 0002740   9.9337 224.4098  1.00271579 33763
APSTAR 7                
1 38107U 12013A   21171.15854001 -.00000095  00000-0  00000+0 0  9996
2 38107   0.0122  58.5931 0003023  36.5386 307.0101  1.00271847 33891
YAHSAT 1B               
1 38245U 12016A   21171.25952021  .00000133  00000-0  00000+0 0  9996
2 38245   0.0213  14.6897 0002991  71.1767 323.8429  1.00270144 33641
AEHF-2 (USA 235)        
1 38254U 12019A   21170.91200281 -.00000269  00000-0  00000+0 0  9996
2 38254   2.6308  56.5236 0008558  41.6485  70.9452  1.00269182 33398
JCSAT-13                
1 38331U 12023A   21171.31158514 -.00000349  00000-0  00000+0 0  9992
2 38331   0.0141 355.9090 0002224  94.9105  54.0906  1.00271685 33296
VINASAT-2               
1 38332U 12023B   21171.31315537 -.00000322  00000-0  00000+0 0  9994
2 38332   0.0140 326.8773 0002531 129.3809  57.0667  1.00271706 33332
NIMIQ 6                 
1 38342U 12026A   21171.30203390 -.00000167  00000-0  00000+0 0  9997
2 38342   0.0152  46.6851 0002646  31.4717 208.1629  1.00271899 33316
CHINASAT 2A (ZX 2A)     
1 38352U 12028A   21171.19269969 -.00000286  00000-0  00000+0 0  9993
2 38352   0.0321 139.7694 0002714 283.6687  12.7915  1.00273113 33360
INTELSAT 19 (IS-19)     
1 38356U 12030A   21171.31995977 -.00000050  00000-0  00000+0 0  9998
2 38356   0.0213 342.5250 0003107 106.5202 100.8808  1.00269696 33236
ECHOSTAR 17             
1 38551U 12035A   21171.36975782 -.00000068  00000-0  00000+0 0  9996
2 38551   0.0024 254.2579 0001847 197.6022 202.9485  1.00269490 32849
METEOSAT-10 (MSG-3)     
1 38552U 12035B   21170.85804265  .00000069  00000-0  00000-0 0  9998
2 38552   1.2088  11.2002 0001134  35.8114 179.6854  1.00278574 32572
SES-5                   
1 38652U 12036A   21171.28779920  .00000040  00000-0  00000+0 0  9995
2 38652   0.0477 298.9115 0002243 142.1910 296.1967  1.00270029 32790
TIANLIAN 1-03           
1 38730U 12040A   21170.97635897  .00000132  00000-0  00000+0 0  9998
2 38730   1.1133  96.3377 0005811 326.0412 217.9314  1.00274751 32706
INTELSAT 20 (IS-20)     
1 38740U 12043A   21171.25327133 -.00000017  00000-0  00000+0 0  9998
2 38740   0.0042  46.1584 0001137 152.3176 229.8695  1.00270985 32553
HYLAS 2                 
1 38741U 12043B   21171.29303337  .00000161  00000-0  00000+0 0  9992
2 38741   0.0199 336.3053 0001865 109.5730 319.3695  1.00270086 32579
INTELSAT 21 (IS-21)     
1 38749U 12045A   21171.27532444 -.00000278  00000-0  00000+0 0  9993
2 38749   0.0211  77.1220 0002361  12.2837 220.4189  1.00271642 32353
ASTRA 2F                
1 38778U 12051A   21171.29250994  .00000157  00000-0  00000+0 0  9996
2 38778   0.0877 247.9822 0001381 271.6702 242.5820  1.00268131 32010
GSAT-10                 
1 38779U 12051B   21171.24771681 -.00000158  00000-0  00000+0 0  9995
2 38779   0.0712 107.8453 0001705 354.1442 338.8766  1.00272089 32016
INTELSAT 23 (IS-23)     
1 38867U 12057A   21171.27628404 -.00000278  00000-0  00000+0 0  9999
2 38867   0.0335 126.2455 0001820 312.5000 236.4402  1.00271631 31828
BEIDOU 16               
1 38953U 12059A   21171.51922245 -.00000170  00000-0  00000+0 0  9995
2 38953   1.9764  84.7429 0007109 294.9342 160.2002  1.00274063 31773
LUCH 5B                 
1 38977U 12061A   21171.42714605 -.00000131  00000-0  00000+0 0  9990
2 38977   6.5184  65.2124 0004526  29.3639 311.7546  1.00272354 31891
YAMAL 300K              
1 38978U 12061B   21171.18799326  .00000078  00000-0  00000+0 0  9996
2 38978   0.0207 330.5950 0000406 273.5991 275.0492  1.00269406 31592
STAR ONE C3             
1 38991U 12062A   21171.29216385 -.00000242  00000-0  00000+0 0  9997
2 38991   0.0395  95.1762 0001787 352.1265 211.6125  1.00271744 31576
EUTELSAT 21B            
1 38992U 12062B   21171.26993729  .00000136  00000-0  00000+0 0  9990
2 38992   0.0642   8.6735 0002751  82.4574 296.3323  1.00270219 31597
ECHOSTAR 16             
1 39008U 16039B   21171.27462656 -.00000275  00000-0  00000+0 0  9993
2 39008   0.0113 353.9409 0002089  93.5399 218.5870  1.00270835 31525
CHINASAT 12 (ZX 12)     
1 39017U 12067A   21171.30428679 -.00000200  00000-0  00000+0 0  9999
2 39017   0.0185  30.4402 0003112  51.4711  23.8454  1.00272560 31435
EUTELSAT 70B            
1 39020U 12069A   21171.25327133 -.00000036  00000-0  00000+0 0  9999
2 39020   0.0564 352.0402 0003308 152.0559 286.2351  1.00270834 31330
YAMAL 402               
1 39022U 12070A   21171.25952021  .00000093  00000-0  00000+0 0  9995
2 39022   0.0355 106.6400 0002851 344.3620 325.9995  1.00271645 31312
SKYNET 5D               
1 39034U 12075A   21171.25952021  .00000106  00000-0  00000+0 0  9998
2 39034   0.0699 353.3295 0003724 102.2352 319.2968  1.00270133 31241
MEXSAT 3                
1 39035U 12075B   21171.36248441 -.00000019  00000-0  00000+0 0  9999
2 39035   0.0186 340.2959 0001766  93.6734 210.5169  1.00270260 31197
TDRS 11                 
1 39070U 13004A   21171.25278590  .00000085  00000-0  00000+0 0  9999
2 39070   3.3274 337.5828 0006009  68.2847 139.4478  1.00275315 30706
AMAZONAS 3              
1 39078U 13006A   21170.98739220 -.00000276  00000-0  00000+0 0  9993
2 39078   0.0431 231.5729 0002291 246.3949  84.9085  1.00272928 30689
AZERSPACE 1             
1 39079U 13006B   21171.25952021  .00000140  00000-0  00000+0 0  9990
2 39079   0.0163 344.2237 0001194  93.6033 330.2624  1.00269686 30656
SBIRS GEO-2 (USA 241)   
1 39120U 13011A   21171.29076522  .00000127  00000-0  00000+0 0  9995
2 39120   1.8813   1.3332 0002151  91.1872 301.4684  1.00272139 30315
EUTELSAT 117 WEST A     
1 39122U 13012A   21171.36129307 -.00000006  00000-0  00000+0 0  9993
2 39122   0.0256  47.2625 0003194  47.4584 187.3307  1.00271746 30186
ANIK G1                 
1 39127U 13014A   21171.36852438 -.00000067  00000-0  00000+0 0  9995
2 39127   0.0121  37.7437 0002264  74.5155 181.9003  1.00271012 29962
CHINASAT 11 (ZX 11)     
1 39157U 13020A   21171.50327265 -.00000284  00000-0  00000+0 0  9997
2 39157   0.0093 282.0487 0001854 126.5181 139.5665  1.00269492 29876
EUTELSAT 7B             
1 39163U 13022A   21171.21160644  .00000055  00000-0  00000+0 0  9995
2 39163   0.0679 348.3578 0004594  55.5537 307.9042  1.00272799 29694
WGS F5 (USA 243)        
1 39168U 13024A   21171.27637128 -.00000278  00000-0  00000+0 0  9992
2 39168   0.0196  14.6095 0000306 106.3157 194.7501  1.00267751 29548
SES-6                   
1 39172U 13026A   21171.34837828 -.00000255  00000-0  00000+0 0  9991
2 39172   0.0141 345.1851 0002391 107.9431 260.5498  1.00270307 29440
IRNSS-1A                
1 39199U 13034A   21170.86702795  .00000081  00000-0  00000+0 0  9995
2 39199  31.6345  90.9727 0018136 182.3982   2.0247  1.00272700 29365
MUOS-2                  
1 39206U 13036A   21171.17973833  .00000070  00000-0  00000+0 0  9992
2 39206   2.5427  10.0055 0054234 175.9974 330.2904  1.00274259 29027
ALPHASAT                
1 39215U 13038A   21171.29181205  .00000140  00000-0  00000+0 0  9999
2 39215   2.5859  17.0060 0002097  72.1390 309.4660  1.00272677 28993
INSAT-3D                
1 39216U 13038B   21171.16160498 -.00000149  00000-0  00000+0 0  9997
2 39216   0.0522 105.0702 0001602   1.7053 302.1097  1.00270201 29020
WGS F6 (USA 244)        
1 39222U 13041A   21171.34442998  .00000096  00000-0  00000+0 0  9996
2 39222   0.0194 337.5219 0000170  64.6325 215.4035  1.00270814 28786
ES'HAIL 1               
1 39233U 13044A   21171.14833340  .00000150  00000-0  00000+0 0  9995
2 39233   0.0594  41.7634 0002007  42.6506 263.0635  1.00273037 28623
GSAT-7                  
1 39234U 13044B   21171.15810383 -.00000070  00000-0  00000+0 0  9991
2 39234   0.0411 121.6577 0005114 142.3005 135.5720  1.00271404 28624
AMOS-4                  
1 39237U 13045A   21171.15627187  .00000014  00000-0  00000+0 0  9990
2 39237   0.0243  85.4315 0002093 353.7760 310.6288  1.00272453 28615
AEHF-3 (USA 246)        
1 39256U 13050A   21171.30896804 -.00000348  00000-0  00000+0 0  9999
2 39256   0.9204  57.0432 0005157  15.4855  58.4376  1.00266130 28405
ASTRA 2E                
1 39285U 13056A   21171.29250994  .00000157  00000-0  00000+0 0  9996
2 39285   0.0653 336.8743 0002966 111.8471 313.7636  1.00272206 28316
FM-6                    
1 39360U 13058A   21171.36129302 -.00000010  00000-0  00000+0 0  9997
2 39360   0.0256 300.8943 0000612  21.0830 320.7159  1.00272504 28060
RADUGA-1M 3             
1 39375U 13062A   21171.35049442  .00000162  00000-0  00000+0 0  9990
2 39375   1.3304  93.8933 0001285 301.8792  34.1228  1.00272964 27843
SES-8                   
1 39460U 13071A   21171.22132837 -.00000263  00000-0  00000+0 0  9995
2 39460   0.0336 255.1763 0003005 196.3118 351.8416  1.00271764 27591
INMARSAT 5-F1           
1 39476U 13073A   21171.25882844  .00000035  00000-0  00000+0 0  9993
2 39476   0.0231   9.1472 0000390  91.0277 324.3023  1.00267761 27655
TKSAT-1 (TUPAC KATARI)  
1 39481U 13075A   21171.30327243 -.00000188  00000-0  00000+0 0  9994
2 39481   0.0128  89.2018 0002904 344.4168 217.1078  1.00269786 27566
EXPRESS-AM5             
1 39487U 13077A   21171.43660475 -.00000274  00000-0  00000+0 0  9999
2 39487   0.0420 201.7355 0001086 187.7582 176.5690  1.00270066 28078
GSAT-14                 
1 39498U 14001A   21171.16698845 -.00000070  00000-0  00000+0 0  9995
2 39498   0.0141 180.1994 0001507  80.5606 141.9552  1.00270578 27300
THAICOM 6               
1 39500U 14002A   21171.15897619 -.00000114  00000-0  00000+0 0  9998
2 39500   0.0595 132.0251 0004557 346.1376 286.1591  1.00270377 27247
TDRS 12                 
1 39504U 14004A   21171.34837828 -.00000265  00000-0  00000+0 0  9998
2 39504   4.2182 341.9226 0002850 138.7363 232.6495  1.00275223 27173
ABS-2                   
1 39508U 14006A   21171.16160498 -.00000079  00000-0  00000+0 0  9999
2 39508   0.0295  57.0452 0004067  23.1518 321.5034  1.00271047 27046
ATHENA-FIDUS            
1 39509U 14006B   21171.25257851  .00000161  00000-0  00000+0 0  9991
2 39509   0.0198 331.4961 0001055 125.7551 300.1389  1.00270044 27225
TURKSAT 4A              
1 39522U 14007A   21171.29503979  .00000153  00000-0  00000+0 0  9997
2 39522   0.0319 276.1077 0000346 133.4459   7.3739  1.00272701 26937
EXPRESS-AT1             
1 39612U 14010A   21170.89979972  .00000085  00000-0  00000+0 0  9990
2 39612   0.0392 189.0976 0000083 135.1692 324.0189  1.00273911 26767
EXPRESS-AT2             
1 39613U 14010B   21171.53008535 -.00000275  00000-0  00000+0 0  9993
2 39613   0.0399 195.2542 0000286 297.4191 106.9578  1.00270816 26607
AMAZONAS 4A             
1 39616U 14011A   21171.27209671 -.00000246  00000-0  00000+0 0  9990
2 39616   0.1070  81.7267 0003446  15.7559 195.2194  1.00270265 26580
ASTRA 5B                
1 39617U 14011B   21171.29312059  .00000161  00000-0  00000+0 0  9993
2 39617   0.0430 321.0505 0004260 142.9836 301.6942  1.00272287 26592
IRNSS-1B                
1 39635U 14017A   21170.84528277  .00000089  00000-0  00000+0 0  9999
2 39635  28.6514 271.1328 0023392 183.5389 172.8396  1.00275227 26510
LUCH 5V                 
1 39727U 14023A   21171.19409205 -.00000262  00000-0  00000+0 0  9990
2 39727   0.7026  58.2687 0005379  38.4351 336.4962  1.00273403544230
KAZSAT-3                
1 39728U 14023B   21171.17271914  .00000067  00000-0  00000+0 0  9995
2 39728   0.0269 253.1096 0000614 329.2253 166.9449  1.00271757 26165
EUTELSAT 3B             
1 39773U 14030A   21171.28745025  .00000026  00000-0  00000+0 0  9999
2 39773   0.0632  22.4933 0004155  99.1691 253.5941  1.00271423 25944
USA 254                 
1 40100U 14043B   21153.52036242 -.00000054  00000-0  00000+0 0  9992
2 40100   0.0577  84.2946 0000988  15.6788 138.5714  1.00578908   297
ASIASAT 8 (AMOS-7)      
1 40107U 14046A   21171.28605448 -.00000027  00000-0  00000+0 0  9995
2 40107   0.0291 272.3023 0002448 178.9534 276.5651  1.00271498 25225
ASIASAT 6               
1 40141U 14052A   21171.45436366 -.00000355  00000-0  00000+0 0  9994
2 40141   0.0437 105.7581 0000593 330.0926 116.5000  1.00269333 24885
OPTUS 10                
1 40146U 14054A   21171.17441694 -.00000140  00000-0  00000+0 0  9992
2 40146   0.0397 231.7877 0003322 234.8469  20.7487  1.00271581 24848
MEASAT-3B               
1 40147U 14054B   21170.94620385 -.00000235  00000-0  00000+0 0  9998
2 40147   0.0251 353.2227 0001876  72.8772 274.3925  1.00273285 24898
LUCH (OLYMP)            
1 40258U 14058A   21170.89879178  .00000143  00000-0  00000-0 0  9993
2 40258   0.0440 155.8634 0001063 284.4644 196.7556  1.00273171 22716
HIMAWARI-8              
1 40267U 14060A   21170.88421345 -.00000269  00000-0  00000-0 0  9994
2 40267   0.0142 356.7951 0001331 111.8566 258.6302  1.00271052 24471
IRNSS-1C                
1 40269U 14061A   21170.94454637 -.00000151  00000-0  00000+0 0  9993
2 40269   2.2908 148.0787 0020125  12.1597 171.1415  1.00268818 24543
INTELSAT 30 (IS-30)     
1 40271U 14062A   21171.30327243 -.00000144  00000-0  00000+0 0  9992
2 40271   0.0018  18.9011 0001806  59.0190 204.9330  1.00271419 24488
ARSAT 1                 
1 40272U 14062B   21171.29216385 -.00000253  00000-0  00000+0 0  9996
2 40272   0.0206  70.7904 0001613  11.1018 220.2000  1.00271921 24606
EXPRESS-AM6             
1 40277U 14064A   21171.33938348  .00000104  00000-0  00000+0 0  9992
2 40277   0.0392 221.6898 0000459 313.4871 268.7735  1.00273312 24392
GSAT-16                 
1 40332U 14078A   21171.25952021  .00000092  00000-0  00000+0 0  9990
2 40332   0.0699 271.0088 0007728 170.0647 336.1264  1.00270367 23986
DIRECTV 14              
1 40333U 14078B   21171.30865378 -.00000119  00000-0  00000+0 0  9996
2 40333   0.0368 130.4873 0000357 261.1214 249.0106  1.00272573 23969
YAMAL 401               
1 40345U 14082A   21171.30481021 -.00000221  00000-0  00000+0 0  9997
2 40345   0.0022 161.8787 0000401 320.7703 345.7684  1.00270433 24134
ASTRA 2G                
1 40364U 14089A   21171.29250994  .00000157  00000-0  00000+0 0  9993
2 40364   0.0344  41.6074 0004791  26.2932 334.3210  1.00273558 23740
FENGYUN 2G              
1 40367U 14090A   21171.45035080 -.00000297  00000-0  00000+0 0  9999
2 40367   1.0387  92.4178 0000762 331.2314 107.2662  1.00267649 23761
MUOS-3                  
1 40374U 15002A   21171.28378634 -.00000124  00000-0  00000+0 0  9996
2 40374   2.5794 358.8743 0055285 175.6747 180.8344  1.00271125 23548
INMARSAT 5-F2           
1 40384U 15005A   21171.27584786 -.00000279  00000-0  00000+0 0  9997
2 40384   0.0033  81.8997 0000437 114.7177 116.3899  1.00270471 23397
ABS-3A                  
1 40424U 15010A   21171.28622895 -.00000020  00000-0  00000+0 0  9997
2 40424   0.0349  69.5816 0002384 310.2091 348.9730  1.00270925 23128
EUTELSAT 115 WEST B     
1 40425U 15010B   21171.36248459 -.00000018  00000-0  00000+0 0  9994
2 40425   0.0419 173.5802 0000305  15.9397  94.8595  1.00269987 23152
EXPRESS-AM7             
1 40505U 15012A   21167.28382938  .00000158  00000-0  00000+0 0  9996
2 40505   0.0072  15.0478 0002739  70.3794 321.5575  1.00275541 23043
IRNSS-1D                
1 40547U 15018A   21170.81730229 -.00000293  00000-0  00000+0 0  9992
2 40547  28.9066 271.1913 0022474 183.9176 219.2054  1.00269009 22960
BEIDOU 17               
1 40549U 15019A   21171.52888654 -.00000193  00000-0  00000+0 0  9999
2 40549  52.4919 316.9535 0038546 186.9527  51.2701  1.00265153 22801
THOR 7                  
1 40613U 15022A   21171.06715913 -.00000001  00000-0  00000+0 0  9999
2 40613   0.0427 141.6696 0002711 304.9361 205.4123  1.00271450 22538
TURKMENALEM52E/MONACOSAT
1 40617U 15023A   21170.86659177  .00000111  00000-0  00000-0 0  9992
2 40617   0.0169  27.2659 0002749  55.4945 189.5223  1.00269600 22559
DIRECTV 15              
1 40663U 15026A   21171.31106056 -.00000096  00000-0  00000+0 0  9992
2 40663   0.0221  74.4478 0001237 124.7455  78.6772  1.00271015 22256
SKY MEXICO-1            
1 40664U 15026B   21171.29216385 -.00000228  00000-0  00000+0 0  9994
2 40664   0.0038 355.1614 0002203  90.7501 209.2191  1.00271369 22251
METEOSAT-11 (MSG-4)     
1 40732U 15034A   21170.64084675  .00000002  00000-0  00000-0 0  9992
2 40732   0.1259 158.5740 0000609 255.2982  84.7764  1.00266599 21741
STAR ONE C4             
1 40733U 15034B   21171.29216385 -.00000258  00000-0  00000+0 0  9993
2 40733   0.0293  43.1307 0002961  28.0691 232.6999  1.00272024 21747
WGS F7 (USA 263)        
1 40746U 15036A   21171.31066091  .00000023  00000-0  00000+0 0  9998
2 40746   0.0297 307.9232 0000168 333.7300 273.8953  1.00267853 21597
INTELSAT 34 (IS-34)     
1 40874U 15039A   21171.27576063 -.00000279  00000-0  00000+0 0  9997
2 40874   0.0178 306.2686 0000635  61.5335 304.6847  1.00270051 21336
EUTELSAT 8 WEST B       
1 40875U 15039B   21171.28526935 -.00000059  00000-0  00000+0 0  9998
2 40875   0.0649  21.2211 0005804  61.4958 280.6801  1.00271873 21416
GSAT-6                  
1 40880U 15041A   21171.24771681 -.00000153  00000-0  00000+0 0  9998
2 40880   0.0766 276.1259 0003316 199.1677 325.0281  1.00273627 21345
INMARSAT 5-F3           
1 40882U 15042A   21171.32266407  .00000057  00000-0  00000+0 0  9997
2 40882   0.0029  79.6646 0000290 347.4282 137.4065  1.00271952 21279
MUOS-4                  
1 40887U 15044A   21171.15836553 -.00000088  00000-0  00000+0 0  9995
2 40887   2.6534 354.2721 0054280   3.7823  42.5691  1.00271418 21278
TJS-1                   
1 40892U 15046A   21171.31777887 -.00000149  00000-0  00000+0 0  9993
2 40892   0.0781 263.8359 0004286 140.9077 133.3486  1.00273884 21278
EXPRESS-AM8             
1 40895U 15048A   21171.42758223 -.00000105  00000-0  00000+0 0  9995
2 40895   0.0404 197.2548 0000368 257.3344 314.1948  1.00271559 21101
BEIDOU 20               
1 40938U 15053A   21170.76690229 -.00000165  00000-0  00000+0 0  9992
2 40938  52.0599 280.0369 0047128 192.0473 168.2735  1.00282477 21064
SKY MUSTER 1 (NBN1A)    
1 40940U 15054A   21171.31481285 -.00000272  00000-0  00000+0 0  9997
2 40940   0.0154 322.1269 0001862 124.8468  75.3633  1.00271699 20974
ARSAT 2                 
1 40941U 15054B   21171.24353510 -.00000218  00000-0  00000+0 0  9999
2 40941   0.0227  74.3565 0001943   6.4147 194.5687  1.00271916 21044
MORELOS 3               
1 40946U 15056A   21170.97717260 -.00000038  00000-0  00000+0 0  9991
2 40946   4.2467 330.7218 0002284 177.7319 358.6362  1.00271028 20997
APSTAR 9                
1 40982U 15059A   21171.05979378 -.00000259  00000-0  00000+0 0  9999
2 40982   0.0638 103.8911 0001753 338.9681 349.1403  1.00269426 20870
TURKSAT 4B              
1 40984U 15060A   21171.25952021  .00000122  00000-0  00000+0 0  9999
2 40984   0.0354  88.8053 0002134   7.3467 315.9549  1.00271466 20823
CHINASAT 2C (ZX 2C)     
1 41021U 15063A   21168.83452067 -.00000316  00000-0  00000-0 0  9997
2 41021   0.0565 121.0958 0002388 329.6292 219.3700  1.00267854 20700
GSAT-15                 
1 41028U 15065A   21171.22132837 -.00000251  00000-0  00000+0 0  9990
2 41028   0.0716 269.7455 0004136 165.3805   6.6916  1.00273000 20587
BADR-7 (ARABSAT-6B)     
1 41029U 15065B   21171.29207376  .00000152  00000-0  00000+0 0  9998
2 41029   0.0352 240.0695 0003243 323.0447 196.7385  1.00272869 20634
LAOSAT 1                
1 41034U 15067A   21171.31245750 -.00000336  00000-0  00000+0 0  9992
2 41034   0.0400 154.2732 0001530 269.9487  85.5155  1.00269687 20567
TELSTAR 12V             
1 41036U 15068A   21171.28387358 -.00000112  00000-0  00000+0 0  9994
2 41036   0.0185 342.4626 0002157  93.4500 280.0049  1.00271356 20452
CHINASAT 1C (ZX 1C)     
1 41103U 15073A   21171.51814295 -.00000144  00000-0  00000+0 0  9991
2 41103   2.5011  88.8867 0002309 356.2443  91.6969  1.00270628 20385
ELEKTRO-L 2             
1 41105U 15074A   21171.10889155 -.00000109  00000-0  00000+0 0  9997
2 41105   2.0896  92.4607 0001781  45.4892 155.3067  1.00272976 20233
COSMOS 2513             
1 41121U 15075A   21171.24771681 -.00000131  00000-0  00000+0 0  9990
2 41121   0.0741 106.0221 0002736 358.7323 333.3473  1.00271716 20311
EXPRESS-AMU1            
1 41191U 15082A   21171.29408019  .00000162  00000-0  00000+0 0  9995
2 41191   0.0166  62.8585 0002946  31.4738 316.3487  1.00272388 20232
GAOFEN 4                
1 41194U 15083A   21170.94493628 -.00000327  00000-0  00000+0 0  9994
2 41194   0.0550  70.4552 0001331 307.1793 336.5932  1.00268117 20203
BELINTERSAT-1           
1 41238U 16001A   21171.25952021  .00000114  00000-0  00000+0 0  9999
2 41238   0.0311 108.5395 0002409  33.2954 271.7792  1.00270323 19976
IRNSS-1E                
1 41241U 16003A   21170.69355069 -.00000299  00000-0  00000+0 0  9996
2 41241  29.1797  90.3264 0018807 181.9276 357.1268  1.00265389 19917
EUTELSAT 9B             
1 41310U 16005A   21171.28867156  .00000068  00000-0  00000+0 0  9999
2 41310   0.0611  75.3432 0000807 213.1571  93.1245  1.00270032 19838
SES-9                   
1 41380U 16013A   21171.30844463 -.00000338  00000-0  00000+0 0  9995
2 41380   0.0261 294.5065 0002258 151.0600  42.5096  1.00271629 19473
EUTELSAT 65 WEST A      
1 41382U 16014A   21171.29274044 -.00000270  00000-0  00000+0 0  9993
2 41382   0.0525  30.9131 0002168  60.8818 217.1214  1.00270024 19360
IRNSS-1F                
1 41384U 16015A   21171.22152743  .00000169  00000-0  00000+0 0  9996
2 41384   1.9465 187.4573 0019815 189.4203   3.9100  1.00272210 19393
BEIDOU IGSO-6           
1 41434U 16021A   21171.44108329 -.00000187  00000-0  00000+0 0  9995
2 41434  57.5655  56.6099 0038055 214.1067 253.3932  1.00268831 19206
IRNSS-1G                
1 41469U 16027A   21171.31271919 -.00000325  00000-0  00000+0 0  9995
2 41469   1.9272 191.0717 0006887 265.9629  53.8081  1.00270174 18894
JCSAT-2B                
1 41471U 16028A   21171.18035574 -.00000159  00000-0  00000+0 0  9994
2 41471   0.0133   5.6755 0002044  79.1929  42.6648  1.00270075 18800
THAICOM 8               
1 41552U 16031A   21170.95049336 -.00000114  00000-0  00000+0 0  9994
2 41552   0.0949  77.0675 0004632 355.1048 256.9143  1.00269859 18496
INTELSAT 31 (IS-31)     
1 41581U 16035A   21170.90898845 -.00000144  00000-0  00000+0 0  9995
2 41581   0.0148 273.4543 0001873 304.4005 282.6606  1.00271450 18411
BEIDOU-2 G7             
1 41586U 16037A   21171.30888081 -.00000348  00000-0  00000+0 0  9994
2 41586   1.7055  67.1782 0009637  19.4176  43.8412  1.00266364 18502
ABS-2A (MONGOLSAT-1)    
1 41588U 16038A   21171.15819106 -.00000077  00000-0  00000+0 0  9991
2 41588   0.0201 336.9466 0002819  40.4033  22.9170  1.00270084 18420
EUTELSAT 117 WEST B     
1 41589U 16038B   21170.90462667 -.00000004  00000-0  00000+0 0  9990
2 41589   0.0418 173.4185 0000270   4.8454 298.7416  1.00270998 18423
BRISAT                  
1 41591U 16039A   21170.95798071 -.00000190  00000-0  00000+0 0  9996
2 41591   0.0206 343.5638 0002267  95.6940 324.5125  1.00269678 18361
ECHOSTAR 18             
1 41592U 16039B   21170.91570562 -.00000275  00000-0  00000+0 0  9990
2 41592   0.0178   1.9648 0001670  86.3967  88.2854  1.00270289 18340
MUOS-5                  
1 41622U 16041A   21170.56384215 -.00000113  00000-0  00000-0 0  9998
2 41622   6.4449 303.9680 0200578 225.5137 196.4858  1.00270862 18804
TIANTONG-1 1            
1 41725U 16048A   21171.30704885 -.00000312  00000-0  00000+0 0  9991
2 41725   2.5380 343.7966 0004385  95.2888  41.6120  1.00270824 17991
JCSAT-16                
1 41729U 16050A   21170.66553163 -.00000350  00000-0  00000-0 0  9990
2 41729   0.0473  83.8981 0001008 166.1962  21.5554  1.00266982 17785
USA 271                 
1 41745U 16052B   21153.45819031 -.00000369  00000-0  00000+0 0  9996
2 41745   9.8711  56.9555 0918615 144.4343 154.8545  1.00399259   287
INTELSAT 36 (IS-36)     
1 41747U 16053A   21171.16716206 -.00000017  00000-0  00000+0 0  9997
2 41747   0.0107 350.5003 0002427  26.2045  20.5603  1.00271012 17685
INTELSAT 33E (IS-33E)   
1 41748U 16053B   21171.25882844  .00000056  00000-0  00000+0 0  9992
2 41748   0.0196 348.6676 0001858 102.4302 330.7590  1.00271041 17940
INSAT-3DR               
1 41752U 16054A   21171.16681486 -.00000070  00000-0  00000+0 0  9994
2 41752   0.0994 101.0817 0009310 169.7514 131.8244  1.00270722 17526
GSAT-18                 
1 41793U 16060A   21170.65558674 -.00000070  00000-0  00000+0 0  9991
2 41793   0.0723 104.0806 0003110 311.7156 162.3010  1.00271920 17245
SKY MUSTER 2 (NBN1B)    
1 41794U 16060B   21170.88508580 -.00000237  00000-0  00000+0 0  9993
2 41794   0.0176 327.2637 0001698 121.1907 283.2961  1.00272182 17299
HIMAWARI-9              
1 41836U 16064A   21170.88421345 -.00000268  00000-0  00000-0 0  9992
2 41836   0.0306  98.2965 0001517  16.3179 252.7700  1.00270001 16903
SHIJIAN-17 (SJ-17)      
1 41838U 16065A   21170.89818168 -.00000356  00000-0  00000-0 0  9997
2 41838   1.1284  92.9898 0005534 359.6376 256.5412  1.00267470 16923
GOES 16                 
1 41866U 16071A   21171.29216385 -.00000242  00000-0  00000+0 0  9996
2 41866   0.0823 100.4582 0001253  17.3486 180.8936  1.00275579 16839
TIANLIAN 1-04           
1 41869U 16072A   21171.53741316  .00000038  00000-0  00000+0 0  9996
2 41869   0.0194  88.2436 0024487  11.6339 179.3715  1.00274104 17025
WGS F8 (USA 272)        
1 41879U 16075A   21170.88604541 -.00000195  00000-0  00000+0 0  9990
2 41879   0.0041   3.3760 0000225  49.2671 324.4638  1.00271673 16647
FENGYUN 4A              
1 41882U 16077A   21171.58892034 -.00000323  00000-0  00000+0 0  9993
2 41882   0.0265 313.6371 0002648 184.5401  87.5639  1.00269068 16709
ECHOSTAR 19             
1 41893U 16079A   21170.90863950 -.00000131  00000-0  00000+0 0  9994
2 41893   0.0021 254.7318 0001342 183.0372  60.5840  1.00270150 16459
JCSAT-15                
1 41903U 16082A   21170.94995500 -.00000344  00000-0  00000+0 0  9997
2 41903   0.0174 344.0220 0001501  99.4687 276.9486  1.00271541 16501
STAR ONE D1             
1 41904U 16082B   21171.33382910 -.00000205  00000-0  00000+0 0  9993
2 41904   0.0333 312.1989 0002091 125.0428 227.7198  1.00274009 16507
TJS-2                   
1 41911U 17001A   21171.15653358 -.00000000  00000-0  00000+0 0  9993
2 41911   0.1708  91.6649 0002146  30.1812 269.6309  1.00273380 16441
SBIRS GEO-4 (USA 273)   
1 41937U 17004A   21171.32089990  .00000137  00000-0  00000+0 0  9998
2 41937   3.0520 313.6295 0002242 137.3013 133.9482  1.00271736 16322
HISPASAT 36W-1          
1 41942U 17006A   21171.27968625 -.00000238  00000-0  00000+0 0  9994
2 41942   0.0036 230.8550 0001114 213.2100 249.3323  1.00273630 16252
TELKOM 3S               
1 41944U 17007A   21171.31036382 -.00000356  00000-0  00000+0 0  9999
2 41944   0.0192  69.8151 0002451  11.6137  57.0451  1.00270928 15936
INTELSAT 32E (IS-32E)   
1 41945U 17007B   21171.17688199 -.00000262  00000-0  00000+0 0  9999
2 41945   0.0039  89.0545 0000687 267.7696 292.2882  1.00269968 15967
ECHOSTAR 23             
1 42070U 17014A   21170.93881128 -.00000263  00000-0  10000-3 0  9993
2 42070   0.0042  95.8111 0002186 349.1359  93.4991  1.00268755 15664
WGS F9 (USA 275)        
1 42075U 17016A   21171.28178007 -.00000090  00000-0  00000+0 0  9997
2 42075   0.0505 100.7745 0000463 317.1990 300.1518  1.00270974 15641
SES-10                  
1 42432U 17017A   21170.91465878 -.00000266  00000-0  00000+0 0  9994
2 42432   0.0069 345.1725 0002879 108.6444  76.9110  1.00271631 15441
CHINASAT 16 (SJ-13)     
1 42662U 17018A   21169.59841163 -.00000345  00000-0  00000-0 0  9996
2 42662   0.0492  57.5448 0004208 172.9809   2.4432  1.00268326 15447
KOREASAT 7              
1 42691U 17023A   21170.95108906 -.00000355  00000-0  00000+0 0  9997
2 42691   0.0126  20.2810 0001846  94.7777 251.6049  1.00273491 15163
SGDC                    
1 42692U 17023B   21170.46384842 -.00000242  00000-0  00000-0 0  9995
2 42692   0.0379  78.5795 0002438  11.7916 269.6614  1.00272578 15144
GSAT-9                  
1 42695U 17024A   21171.30626375 -.00000280  00000-0  00000+0 0  9994
2 42695   0.0338 132.2957 0002588 318.7787  25.2001  1.00272725 15153
INMARSAT 5-F4           
1 42698U 17025A   21170.92757759  .00000082  00000-0  00000+0 0  9995
2 42698   0.0231   7.5955 0000460  82.4143 208.7809  1.00268300 14986
SES-15                  
1 42709U 17026A   21171.34936510  .00000067  00000-0  00000+0 0  9993
2 42709   0.0163  17.6988 0000558  66.1145 181.5740  1.00269077 15907
QZS-2 (MICHIBIKI-2)     
1 42738U 17028A   21170.59853730 -.00000187  00000-0  00000+0 0  9999
2 42738  42.3762 269.2874 0758893 269.1181  84.9654  1.00286322 14854
VIASAT-2                
1 42740U 17029A   21170.91404812 -.00000258  00000-0  00000+0 0  9991
2 42740   0.0198 292.3079 0000138 107.1960 127.9976  1.00270714 14890
EUTELSAT 172B           
1 42741U 17029B   21171.30825465  .00000001  00000-0  00000+0 0  9992
2 42741   0.0174 258.6720 0000184 200.2162  92.8219  1.00270749 15421
GSAT-19                 
1 42747U 17031A   21171.25952021  .00000132  00000-0  00000+0 0  9999
2 42747   0.0219 266.0482 0008011 174.4115 329.5400  1.00271891 14859
ECHOSTAR 21             
1 42749U 17032A   21171.14536737  .00000072  00000-0  00000+0 0  9995
2 42749   4.7449 311.3524 0002254 127.5607 252.2661  1.00272802 14849
CHINASAT 9A (ZX 9A)     
1 42763U 17035A   21171.57080822  .00000049  00000-0  00000+0 0  9994
2 42763   0.3147  97.8596 0006460 308.2776 312.5352  0.99779167 15363
BULGARIASAT-1           
1 42801U 17038A   21171.28718854  .00000018  00000-0  00000+0 0  9997
2 42801   0.0146 269.6176 0002694 171.7294 292.6459  1.00271098 14636
HELLAS-SAT 3            
1 42814U 17040A   21171.29460360  .00000159  00000-0  00000+0 0  9997
2 42814   0.0590  21.6781 0004588  34.4156 357.6676  1.00270166 14589
GSAT-17                 
1 42815U 17040B   21170.94646556 -.00000250  00000-0  00000+0 0  9995
2 42815   0.0176 320.7820 0001622  13.7170   8.0858  1.00268440 14591
INTELSAT 35E (IS-35E)   
1 42818U 17041A   21171.27994795 -.00000231  00000-0  00000+0 0  9996
2 42818   0.0338 255.0873 0001763 184.5393 255.3643  1.00271903 14544
COSMOS 2520             
1 42907U 17046A   21169.23382940  .00000143  00000-0  00000-0 0  9998
2 42907   0.0375  98.7533 0000922  36.6773 260.4835  1.00276307 14097
TDRS 13                 
1 42915U 17047A   21171.34665088 -.00000096  00000-0  00000+0 0  9997
2 42915   5.0108 331.0934 0019326 107.9066 303.0500  1.00271505 14108
QZS-3 (MICHIBIKI-3)     
1 42917U 17048A   21171.31219578 -.00000341  00000-0  00000+0 0  9999
2 42917   0.0648 181.7779 0002101 274.2422  52.1537  1.00269513 14083
AMAZONAS 5              
1 42934U 17053A   21170.98739220 -.00000276  00000-0  00000+0 0  9994
2 42934   0.0302 324.7268 0002795  90.7230 147.4488  1.00271647 13845
ASIASAT 9               
1 42942U 17057A   21171.38301826 -.00000353  00000-0  00000+0 0  9995
2 42942   0.0003  17.1728 0002361  57.9784  93.6528  1.00269811 13661
INTELSAT 37E (IS-37E)   
1 42950U 17059A   21170.99611579 -.00000134  00000-0  00000+0 0  9998
2 42950   0.0185  31.2124 0002642  70.4807 147.3442  1.00270950 13765
BSAT-4A                 
1 42951U 17059B   21171.30879358 -.00000343  00000-0  00000+0 0  9998
2 42951   0.0557  55.1643 0003943  16.6382  57.9299  1.00269222 13671
QZS-4 (MICHIBIKI-4)     
1 42965U 17062A   21171.39974564 -.00000323  00000-0  00000+0 0  9999
2 42965  40.8239   6.7838 0745402 271.5139 271.3908  1.00253978 13522
SES-11 (ECHOSTAR 105)   
1 42967U 17063A   21171.31106056 -.00000082  00000-0  00000+0 0  9999
2 42967   0.0203 295.7440 0002663 151.7530 188.2689  1.00270969 13522
KOREASAT 5A             
1 42984U 17067A   21171.30940422 -.00000351  00000-0  00000+0 0  9993
2 42984   0.0429 100.8297 0001926 357.4193  35.0222  1.00272317 13350
ALCOMSAT 1              
1 43039U 17078A   21171.28186714 -.00000179  00000-0  00000+0 0  9998
2 43039   0.0520 187.9063 0002231 263.2521 254.2305  1.00271495 13005
SBIRS GEO-3 (USA 282)   
1 43162U 18009A   21170.88386451 -.00000285  00000-0  00000+0 0  9993
2 43162   4.2436 317.2783 0002180 132.0953 276.1450  1.00270934 12556
AL YAH 3                
1 43174U 18012A   21171.14285427 -.00000148  00000-0  00000+0 0  9999
2 43174   0.0162 306.3745 0002065 151.0011 202.5232  1.00271505 12550
SES-14                  
1 43175U 18012B   21170.84670199 -.00000271  00000-0  00000+0 0  9997
2 43175   0.0051 352.4077 0001110  92.9356  80.2501  1.00270523 12776
GOES 17                 
1 43226U 18022A   21170.61336743  .00000105  00000-0  00000-0 0  9990
2 43226   0.0587 245.9129 0000391 204.3695 261.3896  1.00272185 12120
HISPASAT 30W-6          
1 43228U 18023A   21170.78070457 -.00000209  00000-0  00000+0 0  9993
2 43228   0.0404  38.9604 0005855  35.0059  85.3245  1.00272243 12218
SUPERBIRD 8             
1 43271U 18033A   21171.32270128 -.00000086  00000-0  00000+0 0  9993
2 43271   0.0167  82.4769 0000804  13.7428  90.7118  1.00270887 11760
HYLAS 4                 
1 43272U 18033B   21171.28020966 -.00000227  00000-0  00000+0 0  9999
2 43272   0.0570 135.7750 0003563   7.9585 192.3528  1.00270970 11807
IRNSS-1I                
1 43286U 18035A   21170.89979972  .00000099  00000-0  00000+0 0  9998
2 43286  29.0928 103.3002 0018276 185.7727 358.2698  1.00277058 11783
USA 283                 
1 43339U 18036A   21168.45952242 -.00000310  00000-0  00000+0 0  9995
2 43339   0.0137 336.0174 0000008 325.9289 263.5152  1.00270691   432
COSMOS 2526             
1 43432U 18037A   21171.31237024 -.00000338  00000-0  00000+0 0  9993
2 43432   0.0204  83.9643 0000521 113.7191 311.5838  1.00273225 11685
APSTAR 6C               
1 43450U 18041A   21171.52886404 -.00000311  00000-0  00000+0 0  9994
2 43450   0.0055 277.5446 0000624 223.8627  91.9503  1.00270090 11564
BANGABANDHUSAT-1        
1 43463U 18044A   21170.87764183 -.00000355  00000-0  00000+0 0  9995
2 43463   0.0196   0.3311 0002250  92.1014 250.9243  1.00270069 11453
SES-12                  
1 43488U 18049A   21171.22132837 -.00000263  00000-0  00000+0 0  9990
2 43488   0.0249  51.3695 0000474 244.0764 147.8791  1.00270793 11148
FENGYUN 2H              
1 43491U 18050A   21170.95049336 -.00000119  00000-0  00000+0 0  9996
2 43491   0.2527 115.7597 0004056  14.5417 199.2241  1.00275099 11228
BEIDOU IGSO-7           
1 43539U 18057A   21171.59789606 -.00000040  00000-0  00000+0 0  9991
2 43539  55.0573 178.9259 0038961 223.5363 195.3149  1.00268080 10887
TELSTAR 19V             
1 43562U 18059A   21171.27427762 -.00000273  00000-0  00000+0 0  9994
2 43562   0.0133 337.9587 0002807 140.8446 185.6373  1.00269580 10886
TELKOM 4 (MERAH PUTIH)  
1 43587U 18064A   21171.30835740 -.00000337  00000-0  00000+0 0  9991
2 43587   0.0213  73.9354 0001681  38.4030  15.4009  1.00270929 10583
TELSTAR 18V (APSTAR 5C) 
1 43611U 18069A   21171.31437667 -.00000287  00000-0  00000+0 0  9995
2 43611   0.0213 346.6439 0002054  96.4731  76.8056  1.00270801 10337
AZERSPACE 2 (IS-38)     
1 43632U 18074A   21171.25952021  .00000143  00000-0  00000+0 0  9993
2 43632   0.0183 339.0540 0001442  99.9572 328.2227  1.00271014 10203
HORIZONS 3E             
1 43633U 18074B   21170.60281186 -.00000024  00000-0  00000+0 0  9998
2 43633   0.0330 185.1531 0000394  99.8343   9.0628  1.00270509 10036
AEHF-4 (USA 288)        
1 43651U 18079A   21171.28799375  .00000136  00000-0  00000+0 0  9995
2 43651   3.1332 312.5883 0006616 153.3313 116.3934  1.00269893 10018
BEIDOU-3 G1             
1 43683U 18085A   21171.31481285 -.00000270  00000-0  00000+0 0  9999
2 43683   1.0511 226.9118 0002650   0.3677 294.8446  1.00271807  9786
GSAT-29                 
1 43698U 18089A   21171.25952021  .00000092  00000-0  00000+0 0  9994
2 43698   0.0714 103.2786 0002689 329.9803 343.8906  1.00273491  9548
ES'HAIL 2               
1 43700U 18090A   21171.29198653  .00000151  00000-0  00000+0 0  9993
2 43700   0.0176 347.9592 0001383 111.4449 300.2380  1.00269143  9649
GEO-KOMPSAT-2A          
1 43823U 18100A   21171.31245750 -.00000337  00000-0  00000+0 0  9992
2 43823   0.0446 195.7528 0000432 152.1118 161.6140  1.00272358  9388
GSAT-11                 
1 43824U 18100B   21171.24771681 -.00000070  00000-0  00000+0 0  9996
2 43824   0.0356 258.3730 0007634 191.8608 341.6040  1.00271201  9357
GSAT-7A                 
1 43864U 18105A   21171.02705473  .00000033  00000-0  00000+0 0  9995
2 43864   0.0137 356.7636 0003188  87.0225 257.2041  1.00270189  9185
COSMOS 2533             
1 43867U 18107A   21171.25327133 -.00000031  00000-0  00000+0 0  9997
2 43867   0.0347  95.0962 0000327  64.6440 270.1071  1.00269752  9156
TJS-3                   
1 43874U 18110A   21170.88902647 -.00000203  00000-0  00000-0 0  9998
2 43874   0.1750  92.9646 0005190  22.2575 200.9161  1.00271492  9133
TJS-3 AKM               
1 43917U 18110C   21170.92757759  .00000064  00000-0  00000-0 0  9997
2 43917   0.2853 275.9348 0004202 249.4822 135.8296  1.00270932  9086
CHINASAT 2D (ZX 2D)     
1 43920U 19001A   21167.29326052 -.00000329  00000-0  00000-0 0  9990
2 43920   0.0417 224.2837 0002000 204.3008  71.7505  1.00271417  9039
HELLAS-SAT 4 & SGS-1    
1 44034U 19007A   21170.93573553  .00000159  00000-0  00000+0 0  9997
2 44034   0.0708 128.6125 0005855  10.5588 145.0633  1.00271000  9065
GSAT-31                 
1 44035U 19007B   21171.05605035  .00000132  00000-0  00000+0 0  9994
2 44035   0.0539 113.4685 0000534 299.7698 283.3407  1.00272234  8696
NUSANTARA SATU          
1 44048U 19009A   21170.63505497 -.00000228  00000-0  00000+0 0  9991
2 44048   0.0165  18.0591 0002009  76.1654 188.4741  1.00270862  8487
CHINASAT 6C (ZX 6C)     
1 44067U 19012A   21171.52807892 -.00000330  00000-0  00000+0 0  9993
2 44067   0.0452 266.1136 0002711  40.4249 282.5323  1.00270881  8452
WGS 10 (USA 291)        
1 44071U 19014A   21170.92757759  .00000054  00000-0  00000+0 0  9991
2 44071   0.0180  12.4122 0001199  39.7119 250.4710  1.00271402  8328
TIANLIAN 2-01           
1 44076U 19017A   21171.15915066 -.00000129  00000-0  00000+0 0  9996
2 44076   1.1221 283.0576 0032782 218.6174 264.2484  1.00270927  8334
ARABSAT-6A              
1 44186U 19021A   21171.29294611  .00000160  00000-0  00000+0 0  9998
2 44186   0.0519 335.2437 0001041 136.0532 293.3575  1.00274465  7889
BEIDOU-3 IGSO-1         
1 44204U 19023A   21171.09398543 -.00000238  00000-0  00000+0 0  9995
2 44204  56.0220  56.8887 0018516 192.1709 165.2915  1.00294925  8079
BEIDOU-2 G8             
1 44231U 19027A   21171.58980514 -.00000241  00000-0  00000+0 0  9992
2 44231   0.2668 348.9727 0005797 200.4554  76.4666  1.00268689  7794
YAMAL 601               
1 44307U 19031A   21170.93774196  .00000126  00000-0  00000-0 0  9998
2 44307   0.0101  29.2081 0002269  53.6015 212.1549  1.00273045  7646
AT&T T-16               
1 44333U 19034A   21170.90785439 -.00000108  00000-0  00000+0 0  9999
2 44333   0.0122 309.7946 0001170   6.8974 177.6232  1.00271038  7350
EUTELSAT 7C             
1 44334U 19034B   21171.21646774  .00000055  00000-0  00000+0 0  9993
2 44334   0.0263 267.3551 0003371 164.2226 282.0030  1.00270778  7854
BEIDOU-3 IGSO-2         
1 44337U 19035A   21171.45148487 -.00000032  00000-0  00000+0 0  9997
2 44337  55.0920 174.9664 0020270 193.7230 170.1328  1.00280688  7425
COSMOS 2539             
1 44457U 19048A   21170.90327219  .00000088  00000-0  00000+0 0  9995
2 44457   0.0460  88.6180 0000809 160.7013 356.2116  1.00273798  6942
EDRS-C                  
1 44475U 19049A   21171.16730602  .00000161  00000-0  00000+0 0  9991
2 44475   0.0796 273.6180 0000696 135.0024 311.3899  1.00269729  6917
INTELSAT 39 (IS-39)     
1 44476U 19049B   21170.65323135  .00000041  00000-0  00000+0 0  9991
2 44476   0.0199 340.8578 0000482 357.6518 226.6863  1.00271361  6864
AMOS-17                 
1 44479U 19050A   21171.29024181  .00000116  00000-0  00000+0 0  9999
2 44479   0.0182 298.1519 0002105 151.2842 300.7506  1.00270894  6904
AEHF-5 (USA 292)        
1 44481U 19051A   21170.94563069  .00000091  00000-0  00000+0 0  9999
2 44481   5.1899 305.9876 0004600 146.3556 211.0711  1.00266272  6985
EUTELSAT 5 WEST B       
1 44624U 19067A   21171.28588000 -.00000036  00000-0  00000+0 0  9995
2 44624   0.0660  21.8897 0006768  81.4013 263.3393  1.00271396  6175
MEV-1                   
1 44625U 19067B   21169.01507543 -.00000195  00000-0  00000-0 0  9994
2 44625   0.0187   8.9866 0001128 116.6554 118.7715  1.00268574  4676
TJS-4                   
1 44637U 19070A   21171.24771681 -.00000163  00000-0  00000+0 0  9999
2 44637   0.0244 257.2043 0001894 199.9718 344.1200  1.00273761  6271
BEIDOU-3 IGSO-3         
1 44709U 19073A   21171.39579009 -.00000201  00000-0  00000+0 0  9991
2 44709  57.8408 300.1279 0019709 198.3956  19.8185  1.00275495  6176
TIBA-1                  
1 44800U 19080A   21171.29390573  .00000162  00000-0  00000+0 0  9992
2 44800   0.0503   3.3919 0002187  94.6412 311.9786  1.00269986  5804
INMARSAT GX5            
1 44801U 19080B   21171.28902050  .00000082  00000-0  00000+0 0  9992
2 44801   0.0345   9.9929 0002308  80.9605 292.8325  1.00272185  5811
JCSAT-18 (KACIFIC 1)    
1 44868U 19091A   21170.88613264 -.00000194  00000-0  00000+0 0  9993
2 44868   0.0469 152.6588 0000913 342.0493 242.6244  1.00270070  5819
ELEKTRO-L 3             
1 44903U 19095A   21171.15845278 -.00000090  00000-0  00000+0 0  9995
2 44903   0.0477 134.6810 0003111 337.9970 289.0157  1.00271951  5437
SHIJIAN-20 (SJ-20)      
1 44910U 19097A   21171.30437403 -.00000199  00000-0  00000+0 0  9999
2 44910   0.9151  93.9563 0017382   5.9356   6.1328  1.00257449  5412
TJS-5                   
1 44978U 20002A   21171.30827017 -.00000335  00000-0  00000+0 0  9997
2 44978   0.2416  95.2179 0003390 355.0459  36.9612  1.00270025  5410
GSAT-30                 
1 45026U 20005A   21171.15984855 -.00000158  00000-0  00000+0 0  9995
2 45026   0.0492 110.2814 0005926 335.8764 322.9882  1.00271700  5253
EUTELSAT KONNECT        
1 45027U 20005B   21170.64232976  .00000057  00000-0  00000+0 0  9996
2 45027   0.0550 120.7598 0000841   1.2066  24.5654  1.00270273  6048
JCSAT-17                
1 45245U 20013A   21170.83347212 -.00000314  00000-0  00000-0 0  9996
2 45245   6.5149 344.2850 0003228 116.2703 243.7705  1.00272439  4952
GEO-KOMPSAT-2B          
1 45246U 20013B   21171.31245750 -.00000337  00000-0  00000+0 0  9999
2 45246   0.0522 148.6753 0002653 294.3557  66.4494  1.00272068  4976
BEIDOU-3 G2             
1 45344U 20017A   21171.52390758 -.00000136  00000-0  00000+0 0  9991
2 45344   2.4248 336.6814 0003914 122.3707  78.5923  1.00271575  4996
AEHF-6 (USA 298)        
1 45465U 20022B   21170.46838806 -.00000128  00000-0  00000+0 0  9995
2 45465   6.7786 305.9676 0003958 101.1837 294.2439  1.00120932  4704
BEIDOU-3 G3             
1 45807U 20040A   21171.45244447 -.00000346  00000-0  00000+0 0  9999
2 45807   2.2755 298.5745 0004453 352.3613 251.3979  1.00269962  3808
APSTAR 6D               
1 45863U 20045A   21170.66753806 -.00000311  00000-0  00000+0 0  9994
2 45863   0.0542 100.0229 0003435 357.6872 184.7029  1.00268082  3579
KOREASAT 116            
1 45920U 20048A   21171.31001487 -.00000355  00000-0  00000+0 0  9993
2 45920   0.0123 316.3102 0001152 120.4406  59.7840  1.00273449  3376
EXPRESS 103             
1 45985U 20053A   21170.88313362 -.00000273  00000-0  00000+0 0  9998
2 45985   0.0294 217.1024 0000221 331.0148 134.6100  1.00269677  3354
EXPRESS 80              
1 45986U 20053B   21171.24771681 -.00000129  00000-0  00000+0 0  9992
2 45986   0.0463 185.5029 0000784  79.8200 172.5175  1.00271048  3365
BSAT-4B                 
1 46112U 20056A   21170.87810692 -.00000343  00000-0  00000-0 0  9990
2 46112   0.0673 141.4770 0004057 332.7811 220.0066  1.00270394  3103
MEV-2                   
1 46113U 20056B   21170.28174858 -.00000003  00000-0  00000-0 0  9996
2 46113   0.0182   7.4012 0001176  85.0703 275.6896  1.00273627 62256
GALAXY 30 (G-30)        
1 46114U 20056C   21171.35413424  .00000043  00000-0  00000+0 0  9993
2 46114   0.0166  42.9822 0002262  55.6096 172.6914  1.00273446  3124
GAOFEN 13               
1 46610U 20071A   21171.31036382 -.00000354  00000-0  00000+0 0  9997
2 46610   1.3945 278.4678 0005614 256.1419 323.6031  1.00266569  2620
TIANTONG-1 2            
1 46916U 20082A   21171.57740414 -.00000348  00000-0  00000+0 0  9997
2 46916   4.9864 298.3670 0004023 185.0911 118.3389  1.00269388  2370
LUCAS (JDRS-1)          
1 47202U 20089A   21171.22132837 -.00000228  00000-0  00000+0 0  9996
2 47202   0.0387 111.9694 0002921 312.9757  14.1478  1.00269617  2126
SXM-7                   
1 47240U 20096A   21170.90497560 -.00000015  00000-0  00000+0 0  9991
2 47240   0.0182  58.9315 0001818 296.6980 123.1990  1.00267778  2059
CMS-01                  
1 47256U 20099A   21171.16160498 -.00000159  00000-0  00000+0 0  9996
2 47256   0.0402 265.7793 0003205   4.4401 139.6376  1.00272383  1916
TURKSAT 5A              
1 47306U 21001A   21170.29979872  .00000162  00000-0  00000+0 0  9996
2 47306   0.0157 356.5264 0001884 306.3416 103.8039  1.00294690  1703
TIANTONG-1 3            
1 47321U 21003A   21166.93104903 -.00000148  00000-0  00000-0 0  9992
2 47321   5.2205 309.3198 0005468 171.1272 200.7141  1.00271996  1652
TJS-6                   
1 47613U 21010A   21171.37237356  .00000051  00000-0  00000+0 0  9998
2 47613   0.7045 281.7308 0000983 195.6554 103.9987  1.00273901  1554
