STARLETTE               
1 07646U 75010A   21171.49151513 -.00000158  00000-0 -11818-4 0  9996
2 07646  49.8239  98.8451 0205755 161.8827 198.9537 13.82309243342402
LAGEOS 1                
1 08820U 76039A   21171.32461094 -.00000008  00000-0  00000+0 0  9992
2 08820 109.8509 274.9265 0045197 331.8485 321.6193  6.38664961797136
AJISAI (EGS)            
1 16908U 86061A   21171.55419517 -.00000092  00000-0  39578-4 0  9992
2 16908  50.0110 351.8301 0011221 220.2769 215.9493 12.44493778253786
COSMOS 1989 (ETALON 1)  
1 19751U 89001C   21171.16975885  .00000063  00000-0  00000+0 0  9990
2 19751  64.2329 134.8437 0023255 212.1099 160.2633  2.13156236252584
COSMOS 2024 (ETALON 2)  
1 20026U 89039C   21171.34898017 -.00000035  00000-0  00000+0 0  9999
2 20026  65.5457  12.6531 0018255 219.4178 139.9294  2.13204253249638
LAGEOS 2                
1 22195U 92070B   21171.35461399 -.00000009  00000-0  00000+0 0  9998
2 22195  52.6733 338.6567 0137689 110.2079 232.8798  6.47293576677614
STELLA                  
1 22824U 93061B   21171.28822681 -.00000035  00000-0  49532-5 0  9993
2 22824  98.9761 177.6924 0007314 118.9964   2.9372 14.27384516444870
LARES                   
1 38077U 12006A   21169.50773092 -.00000032  00000-0  40974-4 0  9990
2 38077  69.4890 168.9567 0010419 311.5758  48.4374 12.54931367428241
