GOES 1 (SMS-C) [-]      
1 08366U 75100A   21171.56057771  .00000053  00000-0  00000+0 0  9993
2 08366   9.1319 300.3461 0000420 195.0294 207.2832  1.00284414166934
GOES 2 [-]              
1 10061U 77048A   21171.31141066 -.00000288  00000-0  00000+0 0  9996
2 10061  10.6469 311.0272 0012638  19.3542 173.9046  0.99398730105392
GOES 3 [-]              
1 10953U 78062A   21171.07784677  .00000042  00000-0  00000+0 0  9994
2 10953  10.9386 315.2593 0003440 103.9985 269.4699  0.99360714110489
GOES 4 [-]              
1 11964U 80074A   21170.91038424 -.00000065  00000-0  00000+0 0  9993
2 11964  11.8621 319.0511 0034512  63.1065 125.8367  0.99228073109538
GOES 5 [-]              
1 12472U 81049A   21171.54788855  .00000090  00000-0  00000+0 0  9998
2 12472  12.5544 330.0631 0002001  87.9668 266.7359  1.00260354104680
GOES 6 [-]              
1 14050U 83041A   21171.55401323  .00000061  00000-0  00000+0 0  9997
2 14050  13.0397 335.2476 0004591 108.8846 249.7105  1.00273285197787
GOES 7 [-]              
1 17561U 87022A   21170.21290227  .00000005  00000-0  00000+0 0  9999
2 17561  14.5324 351.6390 0007361  47.0819 319.5367  0.99905000108762
GOES 8 [-]              
1 23051U 94022A   21171.35555205 -.00000240  00000-0  00000+0 0  9996
2 23051  12.8662  26.8068 0007955  17.0695 337.5725  0.98907682106099
GOES 9 [-]              
1 23581U 95025A   21170.79037882 -.00000056  00000-0  00000-0 0  9997
2 23581  12.3548  26.9603 0008260  69.3053 126.6994  0.98800369 94746
GOES 10 [-]             
1 24786U 97019A   21169.34993713 -.00000148  00000-0  00000-0 0  9995
2 24786  11.0111  32.8956 0023600 192.5724 173.0971  0.99126002 87987
GOES 11 [-]             
1 26352U 00022A   21169.05756602 -.00000235  00000-0  00000-0 0  9993
2 26352   7.9204  62.1666 0001855   1.5864 202.9331  0.99045392 34392
GOES 12 [-]             
1 26871U 01031A   21170.57132713 -.00000243  00000-0  00000+0 0  9998
2 26871   8.8751  50.5048 0007500 319.5447 225.8102  0.99138447 72657
EWS-G1 (GOES 13) [+]    
1 29155U 06018A   21170.86842373  .00000046  00000-0  00000+0 0  9998
2 29155   0.1126 257.9209 0003865 285.6226  98.7777  1.00267816 55221
GOES 14 [B]             
1 35491U 09033A   21171.31106056 -.00000087  00000-0  00000+0 0  9996
2 35491   0.3118 108.2757 0010292 100.8637  67.3680  1.00271127 43879
GOES 15 [B]             
1 36411U 10008A   21171.35055875  .00000062  00000-0  00000+0 0  9991
2 36411   0.1322 133.6786 0004350 282.1880 210.6976  1.00274314 41389
GOES 16 [+]             
1 41866U 16071A   21171.29216385 -.00000242  00000-0  00000+0 0  9996
2 41866   0.0823 100.4582 0001253  17.3486 180.8936  1.00275579 16839
GOES 17 [+]             
1 43226U 18022A   21170.61336743  .00000105  00000-0  00000-0 0  9990
2 43226   0.0587 245.9129 0000391 204.3695 261.3896  1.00272185 12120
