GORIZONT 1 [-]          
1 11158U 78118A   21170.55232253 -.00000043  00000-0  00000-0 0  9997
2 11158  11.4188 220.3212 3557801 260.9073  58.0790  1.00232474104657
GORIZONT 2 [-]          
1 11440U 79062A   21170.87409407 -.00000228  00000-0  00000+0 0  9996
2 11440  10.1116 306.1449 0000544 215.4400 151.1284  1.00281142119729
GORIZONT 3 [-]          
1 11648U 79105A   21170.87487920 -.00000249  00000-0  00000+0 0  9993
2 11648  10.2590 307.4880 0012492 195.8959 173.7250  1.00209759104174
GORIZONT 4 [-]          
1 11841U 80049A   21171.27663299 -.00000165  00000-0  00000+0 0  9994
2 11841  11.3796 312.8644 0001620  64.9995 299.5646  0.98630213215576
GORIZONT 5 [-]          
1 13092U 82020A   21171.29265547 -.00000243  00000-0  00000+0 0  9998
2 13092  12.3196 317.9849 0032668 199.0075  12.8409  0.98534441103620
GORIZONT 6 [-]          
1 13624U 82103A   21171.12241243 -.00000275  00000-0  00000+0 0  9995
2 13624  11.2223 317.9389 0002226 132.7740 154.7030  1.00187256102660
GORIZONT 7 [-]          
1 14160U 83066A   21171.05605035 -.00000054  00000-0  00000+0 0  9990
2 14160  12.7881 326.8450 0009185 320.4194  40.9948  0.98347678136865
GORIZONT 8 [-]          
1 14532U 83118A   21171.08037662 -.00000043  00000-0  00000+0 0  9997
2 14532  12.9364 328.6184 0029608 135.3835 238.5263  0.98269293102625
GORIZONT 9 [-]          
1 14940U 84041A   21170.99007781  .00000041  00000-0  00000+0 0  9991
2 14940  12.1394 326.8030 0003042 188.7723 167.1674  1.00303743103745
GORIZONT 10 [-]         
1 15144U 84078A   21170.78660339 -.00000254  00000-0  00000+0 0  9996
2 15144  12.2206 327.7972 0002117  58.1295 130.7337  1.00252736136323
GORIZONT 11 [-]         
1 15484U 85007A   21171.34090010 -.00000083  00000-0  00000+0 0  9992
2 15484  12.3688 329.7202 0004220 110.5333 302.9705  1.00285696134349
GORIZONT 12 [-]         
1 16769U 86044A   21170.95049336 -.00000137  00000-0  00000+0 0  9992
2 16769  12.9116 334.9552 0001029  68.8595 283.3108  1.00348342128994
GORIZONT 13 [-]         
1 17083U 86090A   21170.97896642 -.00000074  00000-0  00000+0 0  9995
2 17083  14.6871 341.8348 0014359 340.0225  25.8339  0.96725480101033
GORIZONT 14 [-]         
1 17969U 87040A   21171.29281497 -.00000189  00000-0  00000+0 0  9993
2 17969  13.7733 333.4870 0030681 159.1269  37.9076  0.97660466102040
GORIZONT 15 [-]         
1 19017U 88028A   21171.14842064 -.00000123  00000-0  00000+0 0  9991
2 19017  14.9149 344.7864 0036669 140.7416 222.9434  0.97828228101652
GORIZONT 16 [-]         
1 19397U 88071A   21171.14746104  .00000062  00000-0  00000+0 0  9999
2 19397  13.7772 343.5093 0016674  49.8427 309.3989  0.99980590120006
GORIZONT 17 [-]         
1 19765U 89004A   21171.09910670  .00000046  00000-0  00000+0 0  9992
2 19765  14.2669 346.7532 0023634 115.1354  73.4007  0.99064757117508
GORIZONT 18 [-]         
1 20107U 89052A   21170.44444028 -.00000116  00000-0  00000+0 0  9993
2 20107  14.2847 348.0379 0034221 311.3689 223.6817  0.99397888116272
GORIZONT 19 [-]         
1 20263U 89081A   21170.44426581 -.00000263  00000-0  00000+0 0  9995
2 20263  14.0225 347.2838 0001202 117.9934  56.3159  1.00201236116207
GORIZONT 20 [-]         
1 20659U 90054A   21170.91997266  .00000065  00000-0  00000+0 0  9990
2 20659  14.4063 350.1470 0005459 139.2856 163.9855  1.00257977113403
GORIZONT 21 [-]         
1 20923U 90094A   21170.24535403  .00000007  00000-0  00000+0 0  9991
2 20923  14.4023 350.9408 0002367 172.5977  10.0773  1.00265443112149
GORIZONT 22 [-]         
1 20953U 90102A   21171.14763551  .00000103  00000-0  00000+0 0  9998
2 20953  14.3570 351.2680 0004823  15.3581 336.5354  1.00333641112123
GORIZONT 23 [-]         
1 21533U 91046A   21170.91588008 -.00000177  00000-0  00000+0 0  9999
2 21533  15.0393 355.3130 0004395 342.8089 199.4384  0.98908692102699
GORIZONT 24 [-]         
1 21759U 91074A   21171.20780677 -.00000121  00000-0  00000+0 0  9998
2 21759  15.1562 357.1461 0015199 214.9960 154.8741  0.98444146107096
GORIZONT 25 [-]         
1 21922U 92017A   21170.91658495 -.00000300  00000-0  00000+0 0  9996
2 21922  14.7076 356.5752 0030585  67.3852 127.4282  0.99853732106726
GORIZONT 26 [-]         
1 22041U 92043A   21171.15077601  .00000028  00000-0  00000+0 0  9995
2 22041  14.8385 358.4929 0027824 224.3912 137.5695  0.99242718105404
GORIZONT 27 [-]         
1 22245U 92082A   21170.75068647  .00000069  00000-0  00000+0 0  9994
2 22245  14.7615 358.2361 0014295   4.0598   7.0834  1.00198568108881
GORIZONT 28 [-]         
1 22880U 93069A   21171.45675657 -.00000278  00000-0  00000+0 0  9991
2 22880  14.8220   1.9687 0034390 116.5335  64.7367  0.99651230100978
GORIZONT 29 [-]         
1 22907U 93072A   21170.73523802  .00000097  00000-0  00000+0 0  9997
2 22907  14.7437   1.5003 0011680 346.1537  27.6780  1.00143423100944
GORIZONT 30 [-]         
1 23108U 94030A   21171.21943376  .00000103  00000-0  00000+0 0  9990
2 23108  14.7384   2.4207 0002003  67.3723 299.8015  1.00340000 99214
GORIZONT 31 [-]         
1 23775U 96005A   21171.45436366 -.00000361  00000-0  00000+0 0  9993
2 23775  14.5182   8.4784 0016286 189.2681 354.8012  0.99892273 92830
GORIZONT 32 [-]         
1 23880U 96034A   21171.28753749 -.00000017  00000-0  00000+0 0  9998
2 23880  14.4563   9.0268 0010467 348.5629  18.4045  1.00202658 91787
GORIZONT 33 [-]         
1 26372U 00029A   21171.29354807  .00000089  00000-0  00000+0 0  9997
2 26372  12.9387  19.8637 0005298  49.0258 137.5644  1.00323785 77135
