INTELSAT 26 (IS-26)     
1 24732U 97007A   21170.65392925 -.00000025  00000-0  00000+0 0  9990
2 24732   9.5554  40.8446 0006992  24.7498 143.4286  1.00341413 88993
GALAXY 25 (G-25)        
1 24812U 97026A   21171.26993729  .00000160  00000-0  00000+0 0  9996
2 24812   2.8040  87.1852 0006147   8.6725 302.8871  1.00270039 88096
INTELSAT 5 (IS-5)       
1 24916U 97046A   21171.34308000  .00000091  00000-0  00000+0 0  9997
2 24916   6.4667  63.4312 0004348  19.4807 172.3709  1.00274880 87341
GALAXY 11 (G-11)        
1 26038U 99071A   21169.54566792 -.00000155  00000-0  00000-0 0  9990
2 26038   2.0881  92.2859 0000510 268.8601   9.1921  1.00270792 78782
INTELSAT 9 (IS-9)       
1 26451U 00043A   21171.34777639 -.00000285  00000-0  00000+0 0  9998
2 26451   6.4532  63.6155 0003663  24.5821 255.7741  1.00270300 76564
INTELSAT 12 (IS-12)     
1 26590U 00068A   21171.44319747  .00000017  00000-0  00000+0 0  9994
2 26590   3.8011  82.9862 0008646   3.1192  46.5440  1.00272235 75526
INTELSAT 1R (IS-1R)     
1 26608U 00072A   21171.29458552 -.00000133  00000-0  00000+0 0  9990
2 26608   3.6051  83.5640 0000754 259.1049 189.1852  1.00271875 75378
INTELSAT 10 (IS-10)     
1 26766U 01019A   21167.58976038  .00000060  00000-0  00000+0 0  9996
2 26766   4.7223  76.3451 0006806 358.4821 219.9188  1.00407805 73614
INTELSAT 901 (IS-901)   
1 26824U 01024A   21171.28134373 -.00000196  00000-0  00000+0 0  9998
2 26824   0.0186 335.6389 0001111 102.5263 264.3444  1.00268008 73304
INTELSAT 902 (IS-902)   
1 26900U 01039A   21171.42042889 -.00000276  00000-0  00000+0 0  9994
2 26900   1.5085  92.9312 0003526  12.6589 264.5129  1.00271292 72496
INTELSAT 904 (IS-904)   
1 27380U 02007A   21171.28099479 -.00000208  00000-0  00000+0 0  9999
2 27380   2.3430  89.7062 0003396 358.8682 251.7736  1.00269675 70809
DIRECTV 5 (TEMPO 1)     
1 27426U 02023A   21171.36605501 -.00000049  00000-0  00000+0 0  9999
2 27426   0.2257  97.6194 0003439 348.7565 204.0802  1.00270939 70028
INTELSAT 905 (IS-905)   
1 27438U 02027A   21171.28195439 -.00000179  00000-0  00000+0 0  9995
2 27438   2.1645  90.5125 0002966 348.7001 266.5066  1.00271631 69683
GALAXY 3C (G-3C)        
1 27445U 02030A   21171.12434352 -.00000144  00000-0  00000+0 0  9992
2 27445   0.0165 321.2280 0001638  15.6857 241.3583  1.00268972 69673
INTELSAT 906 (IS-906)   
1 27513U 02041A   21171.17271914  .00000021  00000-0  00000+0 0  9991
2 27513   1.1735  94.7248 0003068 355.0081 305.1911  1.00271985 68692
GALAXY 12 (G-12)        
1 27715U 03013B   21171.35055956  .00000064  00000-0  00000+0 0  9998
2 27715   2.3782  89.2105 0002055   1.0460 175.7030  1.00270663 66723
GALAXY 23 (G-23)        
1 27854U 03034A   21171.56610264  .00000019  00000-0  00000+0 0  9997
2 27854   0.0053  52.0956 0003069  43.6963 256.0032  1.00272579 70279
GALAXY 13 (HORIZONS 1)  
1 27954U 03044A   21171.35175650  .00000055  00000-0  00000+0 0  9991
2 27954   0.0453  89.5691 0000209 133.4033  45.4297  1.00271095 64878
INTELSAT 10-02          
1 28358U 04022A   21171.28666513 -.00000004  00000-0  00000+0 0  9997
2 28358   0.0233   4.3872 0001406  90.5582 275.9724  1.00270839 62341
XM-3 (RHYTHM)           
1 28626U 05008A   21171.33938345 -.00000198  00000-0  00000+0 0  9995
2 28626   0.0232   4.0887 0002556  80.3019 221.3875  1.00265797 59783
DIRECTV 8               
1 28659U 05019A   21171.35890260  .00000008  00000-0  00000+0 0  9997
2 28659   0.0262  92.0952 0003069 355.9076 190.9370  1.00271537 58909
GALAXY 28 (G-28)        
1 28702U 05022A   21171.27827223 -.00000179  00000-0  00000+0 0  9990
2 28702   0.0118 102.5646 0003449 266.6575 270.6622  1.00272060 58547
GALAXY 14 (G-14)        
1 28790U 05030A   21171.28404806 -.00000064  00000-0  00000+0 0  9998
2 28790   0.3612  95.0796 0002755 339.1560 282.5280  1.00504849 58025
GALAXY 15 (G-15)        
1 28884U 05041A   21170.97324699  .00000086  00000-0  00000+0 0  9993
2 28884   0.0181 312.0958 0001677 142.2680  31.3962  1.00272032 57322
SPACEWAY 2              
1 28903U 05046B   21171.34082052  .00000110  00000-0  00000+0 0  9994
2 28903   1.0588  91.8416 0001054   8.2839 152.4259  1.00271196 57215
GALAXY 16 (G-16)        
1 29236U 06023A   21171.30714917 -.00000120  00000-0  00000+0 0  9990
2 29236   0.0166  69.2710 0002810  29.3445 181.6911  1.00272437 54989
DIRECTV 9S              
1 29494U 06043A   21171.30925554 -.00000106  00000-0  00000+0 0  9993
2 29494   0.0425 165.8197 0003100 281.7440 191.3041  1.00270699 53829
XM-4 (BLUES)            
1 29520U 06049A   21170.97673642 -.00000016  00000-0  00000+0 0  9999
2 29520   0.0121 351.8874 0000240  53.3066  99.6147  1.00270736 53717
GALAXY 17 (G-17)        
1 31307U 07016B   21170.83806564 -.00000167  00000-0  00000-0 0  9994
2 31307   0.0399  78.5499 0003199   3.4269  37.0098  1.00271302 51521
DIRECTV 10              
1 31862U 07032A   21171.31106056 -.00000096  00000-0  00000+0 0  9991
2 31862   0.0438 177.9870 0000153 294.7451 165.1859  1.00270258 51126
SPACEWAY 3              
1 32018U 07036A   21171.30624691 -.00000144  00000-0  00000+0 0  9992
2 32018   0.0374 183.3601 0000244 289.0588 171.6102  1.00269038 50846
INTELSAT 11 (IS-11)     
1 32253U 07044B   21171.27829049 -.00000262  00000-0  00000+0 0  9993
2 32253   0.0172  36.3385 0002012  69.6125 219.9580  1.00271255 50258
HORIZONS 2              
1 32388U 07063B   21171.30376337 -.00000176  00000-0  00000+0 0  9998
2 32388   0.0217  61.9236 0003058  25.0224  15.9930  1.00271848 49601
DIRECTV 11              
1 32729U 08013A   21171.30865378 -.00000118  00000-0  00000+0 0  9997
2 32729   0.0400 149.7500 0000295 325.0551 165.8640  1.00268240 48658
GALAXY 18 (G-18)        
1 32951U 08024A   21171.35532407  .00000032  00000-0  00000+0 0  9999
2 32951   0.0232  79.4801 0003288  12.1784 182.0324  1.00270748 47800
INTELSAT 25 (IS-25)     
1 33153U 08034A   21171.28055861 -.00000217  00000-0  00000+0 0  9997
2 33153   0.0374 142.1584 0003122 297.4492 258.5949  1.00270833 47367
GALAXY 19 (G-19)        
1 33376U 08045A   21171.30714917 -.00000132  00000-0  00000+0 0  9999
2 33376   0.0209 339.6698 0003322 112.0307 190.6045  1.00270339 46553
FM-5                    
1 35493U 09034A   21171.30605201 -.00000194  00000-0  00000+0 0  9993
2 35493   0.0194 319.9279 0001051  67.7359 265.1048  1.00272417 43696
INTELSAT 14 (IS-14)     
1 36097U 09064A   21171.27785431 -.00000267  00000-0  00000+0 0  9998
2 36097   0.0192  76.6678 0002730  16.7057 230.3622  1.00271300 42410
INTELSAT 15 (IS-15)     
1 36106U 09067A   21171.30385063 -.00000179  00000-0  00000+0 0  9995
2 36106   0.0076 327.8281 0002460 124.2415  11.1957  1.00272559 42329
DIRECTV 12              
1 36131U 09075A   21171.31106056 -.00000097  00000-0  00000+0 0  9995
2 36131   0.0104 187.7326 0000217 236.9625 213.3077  1.00269756 42104
INTELSAT 16 (IS-16)     
1 36397U 10006A   21171.29216385 -.00000238  00000-0  00000+0 0  9996
2 36397   0.0169 349.2435 0002171  98.4614 209.9964  1.00271200 41433
XM-5                    
1 37185U 10053A   21171.33938345 -.00000199  00000-0  00000+0 0  9992
2 37185   0.0240 254.9312 0004394 339.5867  71.2731  1.00274538 39169
INTELSAT 17 (IS-17)     
1 37238U 10065B   21171.15644635  .00000005  00000-0  00000+0 0  9995
2 37238   0.0056 301.9380 0002494 158.8713 290.0845  1.00272405 38642
INTELSAT NEW DAWN       
1 37392U 11016A   21170.93451424  .00000163  00000-0  00000+0 0  9995
2 37392   0.0238 253.4505 0001296 169.9900 214.1540  1.00272956 37239
INTELSAT 18 (IS-18)     
1 37834U 11056A   21171.32275132  .00000060  00000-0  00000+0 0  9990
2 37834   0.0161   6.5118 0002514  95.8089 102.6198  1.00272245 35566
INTELSAT 22 (IS-22)     
1 38098U 12011A   21170.95049336 -.00000052  00000-0  00000+0 0  9990
2 38098   0.0388  88.3164 0002740   9.9337 224.4098  1.00271579 33763
INTELSAT 19 (IS-19)     
1 38356U 12030A   21171.31995977 -.00000050  00000-0  00000+0 0  9998
2 38356   0.0213 342.5250 0003107 106.5202 100.8808  1.00269696 33236
INTELSAT 20 (IS-20)     
1 38740U 12043A   21171.25327133 -.00000017  00000-0  00000+0 0  9998
2 38740   0.0042  46.1584 0001137 152.3176 229.8695  1.00270985 32553
INTELSAT 21 (IS-21)     
1 38749U 12045A   21171.27532444 -.00000278  00000-0  00000+0 0  9993
2 38749   0.0211  77.1220 0002361  12.2837 220.4189  1.00271642 32353
INTELSAT 23 (IS-23)     
1 38867U 12057A   21171.27628404 -.00000278  00000-0  00000+0 0  9999
2 38867   0.0335 126.2455 0001820 312.5000 236.4402  1.00271631 31828
FM-6                    
1 39360U 13058A   21171.36129302 -.00000010  00000-0  00000+0 0  9997
2 39360   0.0256 300.8943 0000612  21.0830 320.7159  1.00272504 28060
INTELSAT 30 (IS-30)     
1 40271U 14062A   21171.30327243 -.00000144  00000-0  00000+0 0  9992
2 40271   0.0018  18.9011 0001806  59.0190 204.9330  1.00271419 24488
DIRECTV 14              
1 40333U 14078B   21171.30865378 -.00000119  00000-0  00000+0 0  9996
2 40333   0.0368 130.4873 0000357 261.1214 249.0106  1.00272573 23969
DIRECTV 15              
1 40663U 15026A   21171.31106056 -.00000096  00000-0  00000+0 0  9992
2 40663   0.0221  74.4478 0001237 124.7455  78.6772  1.00271015 22256
SKY MEXICO-1            
1 40664U 15026B   21171.29216385 -.00000228  00000-0  00000+0 0  9994
2 40664   0.0038 355.1614 0002203  90.7501 209.2191  1.00271369 22251
INTELSAT 34 (IS-34)     
1 40874U 15039A   21171.27576063 -.00000279  00000-0  00000+0 0  9997
2 40874   0.0178 306.2686 0000635  61.5335 304.6847  1.00270051 21336
INTELSAT 31 (IS-31)     
1 41581U 16035A   21170.90898845 -.00000144  00000-0  00000+0 0  9995
2 41581   0.0148 273.4543 0001873 304.4005 282.6606  1.00271450 18411
INTELSAT 36 (IS-36)     
1 41747U 16053A   21171.16716206 -.00000017  00000-0  00000+0 0  9997
2 41747   0.0107 350.5003 0002427  26.2045  20.5603  1.00271012 17685
INTELSAT 33E (IS-33E)   
1 41748U 16053B   21171.25882844  .00000056  00000-0  00000+0 0  9992
2 41748   0.0196 348.6676 0001858 102.4302 330.7590  1.00271041 17940
INTELSAT 32E (IS-32E)   
1 41945U 17007B   21171.17688199 -.00000262  00000-0  00000+0 0  9999
2 41945   0.0039  89.0545 0000687 267.7696 292.2882  1.00269968 15967
INTELSAT 35E (IS-35E)   
1 42818U 17041A   21171.27994795 -.00000231  00000-0  00000+0 0  9996
2 42818   0.0338 255.0873 0001763 184.5393 255.3643  1.00271903 14544
INTELSAT 37E (IS-37E)   
1 42950U 17059A   21170.99611579 -.00000134  00000-0  00000+0 0  9998
2 42950   0.0185  31.2124 0002642  70.4807 147.3442  1.00270950 13765
AZERSPACE 2 (IS-38)     
1 43632U 18074A   21171.25952021  .00000143  00000-0  00000+0 0  9993
2 43632   0.0183 339.0540 0001442  99.9572 328.2227  1.00271014 10203
HORIZONS 3E             
1 43633U 18074B   21170.60281186 -.00000024  00000-0  00000+0 0  9998
2 43633   0.0330 185.1531 0000394  99.8343   9.0628  1.00270509 10036
AT&T T-16               
1 44333U 19034A   21170.90785439 -.00000108  00000-0  00000+0 0  9999
2 44333   0.0122 309.7946 0001170   6.8974 177.6232  1.00271038  7350
INTELSAT 39 (IS-39)     
1 44476U 19049B   21170.65323135  .00000041  00000-0  00000+0 0  9991
2 44476   0.0199 340.8578 0000482 357.6518 226.6863  1.00271361  6864
GALAXY 30               
1 46114U 20056C   21171.35413424  .00000043  00000-0  00000+0 0  9993
2 46114   0.0166  42.9822 0002262  55.6096 172.6914  1.00273446  3124
