IRIDIUM 106             
1 41917U 17003A   21170.90456565  .00000072  00000-0  18674-4 0  9993
2 41917  86.3972 130.4797 0002498  93.4285 266.7197 14.34215373231876
IRIDIUM 103             
1 41918U 17003B   21171.31048854  .00000088  00000-0  24252-4 0  9994
2 41918  86.3971 130.2159 0001938  89.3468 270.7950 14.34219165231966
IRIDIUM 109             
1 41919U 17003C   21171.31683765  .00000080  00000-0  21612-4 0  9990
2 41919  86.3972 130.2425 0002178  88.2108 271.9337 14.34216446231949
IRIDIUM 102             
1 41920U 17003D   21171.00604965  .00000087  00000-0  23941-4 0  9997
2 41920  86.3970 130.3350 0002168  80.2142 279.9299 14.34216669231960
IRIDIUM 105             
1 41921U 17003E   21171.32564226  .00000083  00000-0  22545-4 0  9993
2 41921  86.3974  98.5984 0002408  96.9509 263.1961 14.34215640233861
IRIDIUM 104             
1 41922U 17003F   21171.29780454  .00000087  00000-0  24181-4 0  9995
2 41922  86.3971 130.2281 0002329  93.5752 266.5710 14.34216907231996
IRIDIUM 114             
1 41923U 17003G   21170.95530820  .00000082  00000-0  22044-4 0  9999
2 41923  86.3971 130.3599 0002571  83.9099 276.2390 14.34215929231946
IRIDIUM 108             
1 41924U 17003H   21170.84405768  .00000082  00000-0  22059-4 0  9996
2 41924  86.3968  98.7967 0002476  89.8360 270.3119 14.34218704233781
IRIDIUM 112             
1 41925U 17003J   21170.94261915  .00000081  00000-0  22036-4 0  9996
2 41925  86.3966 130.2931 0002478  78.6632 281.4842 14.34216677231975
IRIDIUM 111             
1 41926U 17003K   21170.92992394  .00000030  00000-0  38192-5 0  9992
2 41926  86.3968 130.3294 0002011  90.2119 269.9307 14.34214593231998
IRIDIUM 113             
1 42803U 17039A   21171.25874411  .00000091  00000-0  25586-4 0  9991
2 42803  86.3976   3.8748 0001941  96.4658 263.6759 14.34216477209908
IRIDIUM 123             
1 42804U 17039B   21171.36999182  .00000087  00000-0  23868-4 0  9993
2 42804  86.3979  35.3803 0001911  84.5080 275.6333 14.34217939208687
IRIDIUM 120             
1 42805U 17039C   21171.25240743  .00000089  00000-0  24692-4 0  9992
2 42805  86.3965   3.8961 0001959  99.4439 260.6978 14.34216628209890
IRIDIUM 115             
1 42806U 17039D   21170.99482058  .00000100  00000-0  23661-4 0  9999
2 42806  86.4504   3.8574 0000956  10.7570 349.3651 14.43282157211299
IRIDIUM 118             
1 42807U 17039E   21171.33193648  .00000079  00000-0  21147-4 0  9995
2 42807  86.3979  35.4020 0002086  78.6599 281.4831 14.34216771208686
IRIDIUM 117             
1 42808U 17039F   21171.14165562  .00000082  00000-0  22361-4 0  9992
2 42808  86.3979  35.4551 0002160  97.3214 262.8228 14.34216622208689
IRIDIUM 126             
1 42809U 17039G   21171.37633416  .00000081  00000-0  21791-4 0  9991
2 42809  86.3980  35.3797 0002030  88.1162 272.0266 14.34216903208697
IRIDIUM 124             
1 42810U 17039H   21171.20594814  .00000099  00000-0  23455-4 0  9991
2 42810  86.4485 332.2067 0002501  94.5046 265.6440 14.43284327212179
IRIDIUM 128             
1 42811U 17039J   21171.43684057  .00000090  00000-0  25222-4 0  9991
2 42811  86.3976  66.9031 0001588  94.1016 266.0361 14.34217302208725
IRIDIUM 121             
1 42812U 17039K   21171.32559048  .00000084  00000-0  22759-4 0  9996
2 42812  86.3980  35.4183 0001961  86.8957 273.2463 14.34216314208676
IRIDIUM 133             
1 42955U 17061A   21171.25925288  .00000077  00000-0  20587-4 0  9993
2 42955  86.3978  67.0518 0001812  87.9466 272.1937 14.34217209193497
IRIDIUM 100             
1 42956U 17061B   21171.46221440  .00000079  00000-0  21138-4 0  9991
2 42956  86.3976  66.9291 0002189  86.3062 273.8384 14.34217538193540
IRIDIUM 122             
1 42957U 17061C   21171.43049691  .00000082  00000-0  22281-4 0  9999
2 42957  86.3976  66.9385 0001731  92.5626 267.5768 14.34216894193520
IRIDIUM 129             
1 42958U 17061D   21170.96748812  .00000073  00000-0  18896-4 0  9995
2 42958  86.3978  67.1794 0001810  87.1183 273.0220 14.34217000193475
IRIDIUM 119             
1 42959U 17061E   21171.42414917  .00000076  00000-0  19953-4 0  9992
2 42959  86.3977  66.9751 0001836  84.8064 275.3341 14.34218642193556
IRIDIUM 107             
1 42960U 17061F   21171.44319317  .00000076  00000-0  20217-4 0  9999
2 42960  86.3979  66.9772 0002107  87.2241 272.9196 14.34218475193576
IRIDIUM 132             
1 42961U 17061G   21170.96115147  .00000071  00000-0  18187-4 0  9999
2 42961  86.3978  67.1687 0002148  93.0774 267.0667 14.34216114193492
IRIDIUM 136             
1 42962U 17061H   21171.41146858  .00000075  00000-0  19567-4 0  9991
2 42962  86.3978  66.9808 0001856  81.4533 278.6873 14.34219658193576
IRIDIUM 139             
1 42963U 17061J   21171.41781207  .00000077  00000-0  20441-4 0  9990
2 42963  86.3979  67.0110 0002002  89.4727 270.6698 14.34215673193584
IRIDIUM 125             
1 42964U 17061K   21171.40512995  .00000077  00000-0  20574-4 0  9993
2 42964  86.3981  67.0442 0002075  89.3628 270.7806 14.34220047193599
IRIDIUM 135             
1 43070U 17083A   21170.89088212  .00000090  00000-0  24940-4 0  9994
2 43070  86.3971   3.9854 0002594  87.3356 272.8136 14.34217403182819
IRIDIUM 138             
1 43071U 17083B   21171.26508732  .00000084  00000-0  23072-4 0  9999
2 43071  86.3959   3.6828 0001964  91.1279 269.0141 14.34216664182857
IRIDIUM 116             
1 43072U 17083C   21171.23337241  .00000083  00000-0  22693-4 0  9999
2 43072  86.3969   3.8495 0002217  81.1234 279.0213 14.34218823182886
IRIDIUM 130             
1 43073U 17083D   21171.27142762  .00000042  00000-0  80909-5 0  9996
2 43073  86.3977   3.9302 0001950  88.2097 271.9322 14.34217187182831
IRIDIUM 151             
1 43074U 17083E   21170.89721621  .00000088  00000-0  24201-4 0  9993
2 43074  86.3971   4.0059 0002166  79.0120 281.1320 14.34218683182802
IRIDIUM 134             
1 43075U 17083F   21171.07480534  .00000087  00000-0  24146-4 0  9997
2 43075  86.3973   3.9141 0002272  95.9193 264.2261 14.34219563182792
IRIDIUM 137             
1 43076U 17083G   21170.94794747  .00000086  00000-0  23812-4 0  9995
2 43076  86.3975   4.0264 0002164  79.3273 280.8167 14.34219568182848
IRIDIUM 141             
1 43077U 17083H   21170.94161492  .00000088  00000-0  24317-4 0  9994
2 43077  86.3969   3.9601 0001941  85.8723 274.2694 14.34216579182840
IRIDIUM 153             
1 43078U 17083J   21170.89378356  .00000092  00000-0  25795-4 0  9994
2 43078  86.3963 332.4031 0001405  97.9506 262.1849 14.34216901183949
IRIDIUM 131             
1 43079U 17083K   21170.99869255  .00000082  00000-0  22176-4 0  9998
2 43079  86.3976   4.0004 0001955  91.7746 268.3674 14.34216067182782
IRIDIUM 144             
1 43249U 18030A   21171.17919213  .00000056  00000-0  12941-4 0  9991
2 43249  86.3958 332.2650 0002452  98.9324 261.2149 14.34220389168862
IRIDIUM 149             
1 43250U 18030B   21171.18554805  .00000074  00000-0  19205-4 0  9996
2 43250  86.3959 332.2489 0002584  95.3353 264.8138 14.34215867168866
IRIDIUM 157             
1 43251U 18030C   21171.20457445  .00000061  00000-0  14610-4 0  9993
2 43251  86.3959 332.2538 0001917  84.1786 275.9628 14.34215766168840
IRIDIUM 140             
1 43252U 18030D   21171.36315525  .00000081  00000-0  21735-4 0  9991
2 43252  86.3961 332.2018 0002853 104.4923 255.6589 14.34219088168927
IRIDIUM 145             
1 43253U 18030E   21171.35045476  .00000096  00000-0  27131-4 0  9998
2 43253  86.3961 332.1858 0003438  88.8612 271.2977 14.34215876168857
IRIDIUM 146             
1 43254U 18030F   21171.19188846  .00000081  00000-0  21881-4 0  9990
2 43254  86.3960 332.2688 0002533  88.5222 271.6264 14.34219202168847
IRIDIUM 148             
1 43255U 18030G   21171.16017612  .00000094  00000-0  26534-4 0  9994
2 43255  86.3961 332.2990 0002237  84.4227 275.7224 14.34216017168882
IRIDIUM 142             
1 43256U 18030H   21171.19823412  .00000065  00000-0  16259-4 0  9992
2 43256  86.3958 332.2392 0002275  90.2747 269.8710 14.34215899168846
IRIDIUM 150             
1 43257U 18030J   21171.16652615  .00000080  00000-0  21358-4 0  9998
2 43257  86.3961 332.3099 0002318  95.5139 264.6321 14.34216402168883
IRIDIUM 143             
1 43258U 18030K   21171.35680340  .00000082  00000-0  22161-4 0  9991
2 43258  86.3964 332.2478 0002714  90.5893 269.5614 14.34217928168859
IRIDIUM 161             
1 43478U 18047C   21171.32265053  .00000089  00000-0  20375-4 0  9992
2 43478  86.4493 130.3142 0002102  93.8398 266.3043 14.43266679162215
IRIDIUM 152             
1 43479U 18047D   21171.32951370  .00000077  00000-0  20295-4 0  9995
2 43479  86.3967 130.1796 0002511  80.8852 279.2627 14.34214682161227
IRIDIUM 147             
1 43480U 18047E   21171.33586149  .00000080  00000-0  21501-4 0  9991
2 43480  86.3968 130.1507 0002060  81.7481 278.3948 14.34215700161214
IRIDIUM 110             
1 43481U 18047F   21171.34221283  .00000086  00000-0  23541-4 0  9990
2 43481  86.3970 130.1916 0002349  93.3637 266.7828 14.34216965161205
IRIDIUM 162             
1 43482U 18047G   21171.31632575  .00000092  00000-0  21494-4 0  9990
2 43482  86.4493 130.2324 0002460  94.4662 265.6820 14.43279175162208
IRIDIUM 160             
1 43569U 18061A   21171.28803231  .00000029  00000-0  32231-5 0  9999
2 43569  86.3971  98.5874 0002246  76.9841 283.1605 14.34221151152099
IRIDIUM 166             
1 43570U 18061B   21171.31341221  .00000078  00000-0  20704-4 0  9996
2 43570  86.3969  98.5525 0002430  88.0878 272.0596 14.34219417152122
IRIDIUM 158             
1 43571U 18061C   21171.35147734  .00000071  00000-0  18146-4 0  9994
2 43571  86.3969  98.5444 0002473  81.2524 278.8952 14.34216850152109
IRIDIUM 165             
1 43572U 18061D   21171.23730057  .00000079  00000-0  21010-4 0  9990
2 43572  86.3971  98.6048 0002514  82.6128 277.5353 14.34219145152106
IRIDIUM 155             
1 43573U 18061E   21171.33878008  .00000072  00000-0  18786-4 0  9990
2 43573  86.3968  98.5191 0002113  96.8038 263.3399 14.34219476152091
IRIDIUM 154             
1 43574U 18061F   21171.31974784  .00000044  00000-0  86495-5 0  9999
2 43574  86.3971  98.5737 0002200  77.7970 282.3472 14.34214446152132
IRIDIUM 163             
1 43575U 18061G   21171.30072544  .00000077  00000-0  20468-4 0  9995
2 43575  86.3968  98.5525 0002775  82.0370 278.1141 14.34216059152109
IRIDIUM 156             
1 43576U 18061H   21171.34512624  .00000072  00000-0  18772-4 0  9998
2 43576  86.3969  98.5391 0002505  89.8263 270.3220 14.34219235152098
IRIDIUM 164             
1 43577U 18061J   21171.32609659  .00000073  00000-0  18941-4 0  9991
2 43577  86.3970  98.5597 0002327  78.5273 281.6184 14.34217126152144
IRIDIUM 159             
1 43578U 18061K   21171.29437676  .00000045  00000-0  89741-5 0  9992
2 43578  86.3968  98.5479 0002256  79.6151 280.5299 14.34214559152107
IRIDIUM 180             
1 43922U 19002A   21171.36364229  .00000081  00000-0  21769-4 0  9997
2 43922  86.3979  35.3584 0002521  64.1592 295.9864 14.34215882127763
IRIDIUM 176             
1 43923U 19002B   21171.33303495  .00000164  00000-0  22052-4 0  9991
2 43923  86.6112  35.4038 0002300  84.3838 275.7641 14.72258489131051
IRIDIUM 168             
1 43924U 19002C   21171.35731434  .00000077  00000-0  20321-4 0  9992
2 43924  86.3981  35.3868 0002101  78.8382 281.3050 14.34216717127704
IRIDIUM 173             
1 43925U 19002D   21171.34461811  .00000083  00000-0  22659-4 0  9994
2 43925  86.3978  35.3552 0002172  80.8085 279.3357 14.34216027127691
IRIDIUM 169             
1 43926U 19002E   21170.77819387  .00000078  00000-0  18834-4 0  9990
2 43926  86.4235  67.1905 0003543 201.8627 158.2421 14.38610722128078
IRIDIUM 172             
1 43927U 19002F   21171.33827481  .00000084  00000-0  23109-4 0  9996
2 43927  86.3978  35.3601 0002180  78.4750 281.6691 14.34218756127697
IRIDIUM 175             
1 43928U 19002G   21171.05497217  .00000179  00000-0  24450-4 0  9991
2 43928  86.6115  35.3402 0002977  84.8917 275.2639 14.72260444131007
IRIDIUM 171             
1 43929U 19002H   21171.04017395  .00000081  00000-0  21833-4 0  9990
2 43929  86.3988  35.5885 0002069  78.9947 281.1481 14.34216525127644
IRIDIUM 170             
1 43930U 19002J   21170.86346549  .00000160  00000-0  21489-4 0  9992
2 43930  86.6113  35.6064 0002469  80.7190 279.4306 14.72255808130991
IRIDIUM 167             
1 43931U 19002K   21171.38267403  .00000030  00000-0  36844-5 0  9990
2 43931  86.3979  35.3480 0002334  67.6030 292.5413 14.34216065127694
