SCD 1                   
1 22490U 93009B   21171.37031428  .00000228  00000-0  12651-4 0  9999
2 22490  24.9703 286.2078 0042847 313.0207  84.4147 14.44611753497541
TECHSAT 1B (GO-32)      
1 25397U 98043D   21171.42787780 -.00000018  00000-0  11770-4 0  9995
2 25397  98.7713 116.9716 0002410  80.6810 279.4640 14.23710131192135
SCD 2                   
1 25504U 98060A   21171.25949353  .00000215  00000-0  96862-5 0  9995
2 25504  24.9947 139.2671 0017036 325.3788  56.7127 14.44127691196794
LANDSAT 7               
1 25682U 99020A   21169.47216761  .00000043  00000-0  19246-4 0  9999
2 25682  98.0304 226.3014 0001608 100.0882 260.0501 14.57199275179541
DLR-TUBSAT              
1 25757U 99029B   21171.42448252 -.00000013  00000-0  81482-5 0  9991
2 25757  98.4523 106.3164 0015048 140.2433 219.9867 14.51444278168866
TERRA                   
1 25994U 99068A   21170.84721894  .00000043  00000-0  19540-4 0  9995
2 25994  98.1757 245.2271 0001373  90.1898  24.7161 14.57127916143697
MAROC-TUBSAT            
1 27004U 01056D   21171.34332781 -.00000030  00000-0  16645-4 0  9998
2 27004  99.5713 307.7673 0020370 144.0965 270.2954 13.70147167976540
AQUA                    
1 27424U 02022A   21170.78366677  .00000085  00000-0  28845-4 0  9990
2 27424  98.2098 112.0740 0000609  43.9300 347.1259 14.57114662 17372
IRS-P6 (RESOURCESAT-1)  
1 28051U 03046A   21169.48907229  .00000002  00000-0  15617-4 0  9995
2 28051  98.4459 244.5646 0058777  21.2500 339.1109 14.34188109918858
SHIYAN 1 (SY-1)         
1 28220U 04012A   21171.53636600  .00000358  00000-0  33412-4 0  9995
2 28220  97.8842 150.9070 0018703 100.4150 259.9182 15.00350966935914
FORMOSAT-2 (ROCSAT 2)   
1 28254U 04018A   21171.32083562 -.00000216  00000-0 -11737-3 0  9998
2 28254  98.6711 193.2919 0002870  40.3429 329.3097 14.00662830873560
AURA                    
1 28376U 04026A   21170.85199401  .00000091  00000-0  30188-4 0  9990
2 28376  98.2101 114.2975 0001284  89.9719 270.1626 14.57110802900424
IRS-P5 (CARTOSAT-1)     
1 28649U 05017A   21171.45060139  .00000055  00000-0  12824-4 0  9993
2 28649  97.7673 237.5259 0001169  32.5445 327.5841 14.83795045873074
SINAH 1                 
1 28893U 05043D   21171.31706991  .00000005  00000-0  10329-4 0  9994
2 28893  98.0696 297.7466 0014274 224.5974 135.4080 14.61574430834317
EROS B                  
1 29079U 06014A   21170.95389041  .00001652  00000-0  72438-4 0  9990
2 29079  97.4056 291.2692 0009334 109.5807 317.8191 15.23353666841171
RESURS-DK 1             
1 29228U 06021A   21171.14464603  .00000109  00000-0  15482-4 0  9996
2 29228  69.9358 331.8496 0007621 262.5715  97.4580 15.02705106827976
ARIRANG-2 (KOMPSAT-2)   
1 29268U 06031A   21169.53464157  .00000093  00000-0  27238-4 0  9999
2 29268  97.9398  48.7405 0018545  80.0785 280.2515 14.62369793794714
LAPAN-TUBSAT            
1 29709U 07001A   21169.52131068  .00000040  00000-0  11693-4 0  9998
2 29709  97.9134 129.9374 0013194   6.4803 353.6574 14.82287691780596
CARTOSAT-2 (IRS-P7)     
1 29710U 07001B   21171.25203791  .00002166  00000-0  68871-4 0  9997
2 29710  97.8745 253.7617 0169487 237.2102 121.2710 15.21137323781079
HAIYANG-1B              
1 31113U 07010A   21171.38818951  .00000003  00000-0  17403-4 0  9994
2 31113  98.3562 206.4505 0013395 199.6424 160.4244 14.30270677740753
COSMO-SKYMED 1          
1 31598U 07023A   21169.51993411 -.00000250  00000-0 -24880-4 0  9995
2 31598  97.8907 353.3950 0001426  97.0567 263.0830 14.82153629759052
TERRASAR-X              
1 31698U 07026A   21170.96787332  .00000342  00000-0  19494-4 0  9998
2 31698  97.4453 178.7405 0002171  88.8664 325.6922 15.19151836777093
WORLDVIEW-1 (WV-1)      
1 32060U 07041A   21171.28803782  .00000852  00000-0  37645-4 0  9997
2 32060  97.3731 290.9029 0000615 167.1888 192.9365 15.24401479765296
YAOGAN 3                
1 32289U 07055A   21169.48065834  .00000005  00000-0  74900-5 0  9998
2 32289  97.9720 188.7924 0001191  96.7642 263.3707 14.81094732735164
COSMO-SKYMED 2          
1 32376U 07059A   21169.48620493  .00000370  00000-0  53083-4 0  9990
2 32376  97.8909 353.3663 0001662  92.7089 267.4327 14.82153728731793
RADARSAT-2              
1 32382U 07061A   21169.56925409 -.00000024  00000-0  76310-5 0  9990
2 32382  98.5744 176.8030 0001351  93.4572  14.3038 14.29983615705292
CARTOSAT-2A             
1 32783U 08021A   21169.49086694  .00000219  00000-0  36831-4 0  9996
2 32783  97.8711 228.6980 0011270 263.2198  96.7737 14.78720142709231
HUANJING 1A (HJ-1A)     
1 33320U 08041A   21169.46220648  .00000126  00000-0  24500-4 0  9999
2 33320  97.7220 213.6299 0020634 339.0474  20.9890 14.77644449688636
HUANJING 1B (HJ-1B)     
1 33321U 08041B   21169.42387427  .00000146  00000-0  27377-4 0  9992
2 33321  97.7429 216.4036 0034760 355.1745   4.9130 14.77381030688636
GEOEYE 1                
1 33331U 08042A   21169.51722074  .00000071  00000-0  22422-4 0  9998
2 33331  98.0972 244.3124 0008520 351.0235   9.0823 14.64391384683107
THEOS                   
1 33396U 08049A   21169.51303557 -.00000012  00000-0  14825-4 0  9991
2 33396  98.6889 237.0497 0001128  96.0340  18.2028 14.20039594659019
COSMO-SKYMED 3          
1 33412U 08054A   21169.46928062 -.00001513  00000-0 -18361-3 0  9990
2 33412  97.8906 353.3448 0001573  87.5860 272.5563 14.82147546684251
YAOGAN 4                
1 33446U 08061A   21171.32535834  .00000040  00000-0  12732-4 0  9993
2 33446  97.7756 118.5158 0015165 224.0314 135.9690 14.77100404676130
GOSAT (IBUKI)           
1 33492U 09002A   21171.29877089  .00000169  00000-0  38361-4 0  9995
2 33492  98.0884 283.0191 0001367  81.9379 278.1981 14.67538136664565
YAOGAN 6                
1 34839U 09021A   21171.23796237  .00000637  00000-0  25941-4 0  9991
2 34839  97.0483 165.0501 0028402 146.7730 213.5301 15.27523606675934
DEIMOS-1                
1 35681U 09041A   21169.50909060  .00000022  00000-0  10936-4 0  9992
2 35681  97.7593  33.3364 0001164  23.9369 336.1903 14.71897028638235
DUBAISAT-1              
1 35682U 09041B   21169.50047685  .00000129  00000-0  29808-4 0  9995
2 35682  97.7599 335.0777 0011959 148.0851 212.1115 14.68892236636856
OCEANSAT-2              
1 35931U 09051A   21170.82597222  .00003682  00000-0  94475-3 0  9995
2 35931  98.2940 266.8290 0002150  51.6412 308.5128 14.50848002621687
WORLDVIEW-2 (WV-2)      
1 35946U 09055A   21169.48817511  .00000020  00000-0  21158-4 0  9993
2 35946  98.4839 244.0419 0001666  50.7061 309.4275 14.37668709613610
SMOS                    
1 36036U 09059A   21171.23344329  .00000062  00000-0  33590-4 0  9995
2 36036  98.4439 358.9742 0001402  79.4319 280.7027 14.39774708611289
YAOGAN 7                
1 36110U 09069A   21169.45254493  .00000085  00000-0  20338-4 0  9993
2 36110  98.2361  18.4859 0025462 123.7866 236.5771 14.75491602620478
TANDEM-X                
1 36605U 10030A   21168.25901225 -.00000743  00000-0 -32204-4 0  9999
2 36605  97.4443 176.0707 0001884  77.0938 292.2806 15.19143973609429
CARTOSAT-2B             
1 36795U 10035A   21170.81262937 -.00000410  00000-0 -48885-4 0  9992
2 36795  97.8819 229.3908 0012851 340.9696  18.6970 14.78681104590477
YAOGAN 10               
1 36834U 10038A   21169.47321061  .00000062  00000-0  14810-4 0  9995
2 36834  97.9783 176.9624 0001240  82.2162 277.9191 14.81051810586905
COSMO-SKYMED 4          
1 37216U 10060A   21169.49882891  .00000023  00000-0  94170-5 0  9995
2 37216  97.8898 353.3722 0001322  86.2546 273.8821 14.82156206574343
RESOURCESAT-2           
1 37387U 11015A   21169.47355347  .00000010  00000-0  24183-4 0  9996
2 37387  98.6406 243.5283 0005047  54.8467 305.3183 14.21661584527443
HAIYANG-2A              
1 37781U 11043A   21171.24510890 -.00000009  00000-0  34021-4 0  9990
2 37781  99.3146 178.4336 0001743  91.6247 268.5104 13.78732214495727
RASAT                   
1 37791U 11044D   21169.44302756  .00000065  00000-0  21223-4 0  9992
2 37791  98.1038 262.9900 0021487 193.8481 166.2135 14.64836347525824
MEGHA-TROPIQUES         
1 37838U 11058A   21171.36923959  .00000291  00000-0  15229-4 0  9997
2 37838  19.9790 311.9819 0009758 275.8680  84.0612 14.09594339499957
SRMSAT                  
1 37841U 11058D   21170.98786604  .00000289  00000-0  13414-4 0  9993
2 37841  19.9727 285.7637 0011888 322.4391 193.7101 14.10697433500227
YAOGAN 13               
1 37941U 11072A   21170.99254696  .00000743  00000-0  38898-4 0  9990
2 37941  97.5900 113.1415 0001422 154.5887 275.3069 15.18953718529757
PLEIADES 1A             
1 38012U 11076F   21169.51760441  .00000021  00000-0  14397-4 0  9997
2 38012  98.2003 244.7635 0001724  86.3408 273.7990 14.58541820506020
ZIYUAN 1-02C (ZY 1-02C) 
1 38038U 11079A   21171.14207408  .00000118  00000-0  56811-4 0  9993
2 38038  98.6361 231.3986 0005956 253.9790 106.1673 14.35297080497518
ZIYUAN 3-1 (ZY 3-1)     
1 38046U 12001A   21170.97114238  .00000885  00000-0  42570-4 0  9994
2 38046  97.3800 244.9062 0001956  26.2700 146.4622 15.21345592524491
ARIRANG-3 (KOMPSAT-3)   
1 38338U 12025B   21169.42021240  .00000063  00000-0  22008-4 0  9994
2 38338  98.1442 109.1700 0012319  75.0866 285.1692 14.61715592484797
KANOPUS-V 1             
1 38707U 12039A   21170.97669325  .00000708  00000-0  36286-4 0  9992
2 38707  97.4644  91.5278 0001717  80.8346  49.8224 15.19760547494313
EXACTVIEW-1 (ADS-1B)    
1 38709U 12039C   21171.43399269 -.00000010  00000-0  16338-4 0  9996
2 38709  99.0593 222.9217 0011335  23.7119 336.4579 14.24050942463219
SPOT 6                  
1 38755U 12047A   21171.38566611  .00000021  00000-0  14417-4 0  9994
2 38755  98.2005 239.0537 0001327  94.8201 265.3156 14.58550166467376
PLEIADES 1B             
1 39019U 12068A   21171.40424182  .00000020  00000-0  14176-4 0  9991
2 39019  98.1947 246.6997 0001555  79.0773 281.0606 14.58558353455154
GOKTURK 2               
1 39030U 12073A   21171.40740846  .00000040  00000-0  13776-4 0  9995
2 39030  97.9043  56.2216 0002791  66.4124 293.7359 14.72818766456062
LANDSAT 8               
1 39084U 13008A   21171.32991518  .00000031  00000-0  17000-4 0  9992
2 39084  98.2245 241.7847 0001327 103.2778 256.8569 14.57107203444261
SARAL                   
1 39086U 13009A   21171.32471113  .00000003  00000-0  17181-4 0  9998
2 39086  98.5461 357.3297 0000478 131.2708 228.8517 14.32054392434656
GAOFEN 1                
1 39150U 13018A   21171.42791135  .00000055  00000-0  14971-4 0  9991
2 39150  97.8306 244.1001 0019408  14.1092 346.0623 14.76578901439316
VNREDSAT 1              
1 39160U 13021B   21171.42289564  .00000071  00000-0  23054-4 0  9994
2 39160  98.1124 248.6021 0001480  81.7069 278.4345 14.62962772433686
ARIRANG-5 (KOMPSAT-5)   
1 39227U 13042A   21170.99716019  .00000084  00000-0  10312-4 0  9999
2 39227  97.6286 356.2869 0001844  91.3238  59.8585 15.04511890429789
SKYSAT-A                
1 39418U 13066C   21171.47156218  .00000098  00000-0  12808-4 0  9997
2 39418  97.5899 248.2747 0021235  41.7548 318.5291 14.99167288414418
DUBAISAT-2              
1 39419U 13066D   21171.36688206  .00000585  00000-0  59335-4 0  9990
2 39419  97.4896 215.8035 0015414  57.4797 302.7668 14.94335486413118
GPM-CORE                
1 39574U 14009C   21171.17418566  .00003016  00000-0  47374-4 0  9991
2 39574  65.0057 340.8692 0010264 274.1251  85.8722 15.55947411415262
SENTINEL-1A             
1 39634U 14016A   21171.46473135 -.00000043  00000-0  62163-6 0  9994
2 39634  98.1818 179.1873 0001359  76.2276 283.9075 14.59197383384230
KAZEOSAT 1              
1 39731U 14024A   21171.48315109  .00000013  00000-0  17617-4 0  9997
2 39731  98.5013 244.2016 0001096  86.3192 273.8121 14.41964686375924
ALOS-2                  
1 39766U 14029A   21171.43384634 -.00000422  00000-0 -49648-4 0  9999
2 39766  97.9208 268.7514 0001613  89.9681 270.1670 14.79467083382109
KAZEOSAT 2              
1 40010U 14033A   21171.43326592  .00000046  00000-0  12253-4 0  9999
2 40010  97.7674  63.3362 0015526 176.6336 183.5006 14.82068566378828
HODOYOSHI-4             
1 40011U 14033B   21171.41928118  .00000124  00000-0  22394-4 0  9994
2 40011  97.7288  53.5721 0026538 177.9102 182.2190 14.81321307378497
DEIMOS-2                
1 40013U 14033D   21171.46413995  .00000235  00000-0  33867-4 0  9993
2 40013  97.7908  72.2903 0000910 125.3844 234.7488 14.84839201379476
HODOYOSHI-3             
1 40015U 14033F   21171.39010774  .00000040  00000-0  12187-4 0  9991
2 40015  97.6872  37.5348 0036310 200.4893 159.4865 14.78673515377822
SPOT 7                  
1 40053U 14034A   21171.48775542  .00000009  00000-0  11740-4 0  9994
2 40053  98.2165 238.9042 0001117  86.4536 273.6795 14.58541787371320
SKYSAT-B                
1 40072U 14037D   21171.29284629  .00000103  00000-0  20744-4 0  9997
2 40072  98.4525  15.9065 0007299  45.2703 314.9102 14.81419053375700
WORLDVIEW-3 (WV-3)      
1 40115U 14048A   21169.47336321  .00000191  00000-0  28645-4 0  9996
2 40115  97.8443 244.3779 0001795 146.4960 213.6368 14.85049308371121
GAOFEN 2                
1 40118U 14049A   21171.49182131  .00000086  00000-0  17834-4 0  9994
2 40118  97.8031 245.6346 0008976  58.8309 301.3747 14.80657218369530
YAOGAN 21               
1 40143U 14053A   21170.95585777  .00001215  00000-0  53515-4 0  9991
2 40143  97.3945 239.5003 0017640  58.6992 120.1202 15.23608317377359
YAOGAN 22               
1 40275U 14063A   21171.46458689 -.00000027  00000-0  47166-4 0  9992
2 40275 100.5302 288.5263 0006113 352.5043   7.5951 13.15429223320158
ASNARO                  
1 40298U 14070A   21171.00041756  .00000338  00000-0  19007-4 0  9995
2 40298  97.3912 252.1609 0002281  99.1349  26.2763 15.19610013367154
HODOYOSHI-1             
1 40299U 14070B   21169.49042713  .00000963  00000-0  41643-4 0  9995
2 40299  97.2855 243.0422 0012451 352.7950 132.8694 15.24739135367574
QSAT-EOS                
1 40301U 14070D   21170.97980228  .00002682  00000-0  97822-4 0  9996
2 40301  97.2532 242.5392 0022913 328.0122 204.9541 15.28787442368044
YAOGAN 23               
1 40305U 14071A   21170.96401490  .00001125  00000-0  57255-4 0  9996
2 40305  97.5630 115.6091 0001361  58.3519   6.6312 15.18906715365509
YAOGAN 24               
1 40310U 14072A   21169.46742224  .00000092  00000-0  20595-4 0  9998
2 40310  97.9386 290.3219 0019745  14.1109 346.0653 14.76263248354530
CBERS 4                 
1 40336U 14079A   21169.48372751  .00000006  00000-0  17324-4 0  9990
2 40336  98.5216 243.5230 0001986  90.6740 269.4675 14.35434423342199
RESURS P2               
1 40360U 14087A   21170.99480417  .00000963  00000-0  31317-4 0  9993
2 40360  97.2285 258.4311 0008339 319.6120 155.3256 15.34284025362650
YAOGAN 26               
1 40362U 14088A   21170.93608510  .00001198  00000-0  52662-4 0  9993
2 40362  97.1990 231.3779 0007273 277.1171 187.6305 15.23728733360829
SMAP                    
1 40376U 15003A   21171.31901719  .00000056  00000-0  19923-4 0  9991
2 40376  98.1229 178.4437 0000822  84.4398 275.6898 14.63382800341025
KOMPSAT-3A              
1 40536U 15014A   21170.91572426  .00000707  00000-0  44546-4 0  9997
2 40536  97.5348 112.6183 0002683  19.0134  67.3377 15.12309862344253
SENTINEL-2A             
1 40697U 15028A   21169.48723531 -.00000001  00000-0  16125-4 0  9995
2 40697  98.5688 244.4645 0001300  88.9841 271.1490 14.30819046312807
GAOFEN 8                
1 40701U 15030A   21169.50005969  .00001367  00000-0  60220-4 0  9995
2 40701  97.5156 297.4664 0006597 312.3572 119.1680 15.23561348332973
CARBONITE 1 (CBNT-1)    
1 40718U 15032D   21169.47310546  .00000177  00000-0  33575-4 0  9992
2 40718  97.7880  43.6446 0017972 108.4568 251.8591 14.74971255319768
YAOGAN 27               
1 40878U 15040A   21169.52496803 -.00000020  00000-0  58662-4 0  9997
2 40878 100.1765 210.9196 0009289 102.7517 257.4635 13.15969319279162
GAOFEN 9-01             
1 40894U 15047A   21169.50130253  .00000077  00000-0  18479-4 0  9997
2 40894  97.8557 245.5679 0031795 308.0973  51.7373 14.76298739310489
LAPAN-A2                
1 40931U 15052B   21170.70484675  .00000688  00000-0  68169-5 0  9999
2 40931   5.9995 236.2429 0012571  74.8131 285.3823 14.76678571309638
YAOGAN 28               
1 41026U 15064A   21170.96077118  .00001118  00000-0  49838-4 0  9996
2 41026  97.5048 307.5158 0001591 101.3405  13.3347 15.23512621313047
YAOGAN 29               
1 41038U 15069A   21169.55677680  .00000034  00000-0  11431-4 0  9991
2 41038  98.0375 163.5778 0001938 103.7639 256.3790 14.80508407300447
KENT RIDGE 1            
1 41167U 15077B   21169.15752675  .00000933  00000-0  16652-4 0  9995
2 41167  14.9808 342.1725 0011517  19.6769 126.5909 15.09357253304119
TELEOS 1                
1 41169U 15077D   21171.01942412  .00001381  00000-0  41320-4 0  9993
2 41169  14.9780 306.8724 0009951  82.2501 277.9026 15.11081214304592
GAOFEN 4                
1 41194U 15083A   21170.94493628 -.00000327  00000-0  00000+0 0  9994
2 41194   0.0550  70.4552 0001331 307.1793 336.5932  1.00268117 20203
JASON-3                 
1 41240U 16002A   21171.55866229 -.00000049  00000-0  51601-4 0  9996
2 41240  66.0416 320.5641 0007770 271.1416  88.8707 12.80930693253706
SENTINEL-3A             
1 41335U 16011A   21171.47099874 -.00000011  00000-0  13560-4 0  9997
2 41335  98.6247 238.9720 0001273 109.9554 250.1763 14.26736136278157
SENTINEL-1B             
1 41456U 16025A   21169.44138672 -.00000035  00000-0  22551-5 0  9997
2 41456  98.1819 177.0197 0001374  80.1386 279.9976 14.59197759274101
ZIYUAN 3-2 (ZY 3-2)     
1 41556U 16033A   21170.99076652  .00000175  00000-0  10789-4 0  9991
2 41556  97.3248 243.1793 0003705 145.4240 339.1789 15.21321186280796
NUSAT-1 (FRESCO)        
1 41557U 16033B   21170.95263097  .00002171  00000-0  78525-4 0  9999
2 41557  97.3938 264.8746 0011668 220.2821 253.0484 15.29476377281917
NUSAT-2 (BATATA)        
1 41558U 16033C   21170.95204517  .00002204  00000-0  74772-4 0  9999
2 41558  97.4048 268.7052 0010895 212.2006 272.2180 15.31566709282101
CARTOSAT-2C             
1 41599U 16040A   21169.45103160  .00000633  00000-0  33143-4 0  9998
2 41599  97.3986 228.7737 0014341  20.7042 105.2973 15.19273006276664
SKYSAT-C1               
1 41601U 16040C   21171.17773605  .00001796  00000-0  48102-4 0  9993
2 41601  97.1912 248.5950 0000856  99.6474 260.4868 15.39312788278248
LAPAN-A3                
1 41603U 16040E   21170.96275339  .00000227  00000-0  13583-4 0  9995
2 41603  97.2548 217.7992 0013419   1.7147  96.5129 15.20041150276967
BIROS                   
1 41604U 16040F   21171.42266600  .00000621  00000-0  29602-4 0  9996
2 41604  97.2622 223.7671 0011322 338.1213  21.9539 15.22602346277357
GAOFEN 3                
1 41727U 16049A   21169.51119814 -.00000050  00000-0 -19567-5 0  9990
2 41727  98.4091 177.9899 0001096  55.7245 304.4050 14.42211970255636
SKYSAT-C4               
1 41771U 16058B   21171.44977727  .00001724  00000-0  46319-4 0  9990
2 41771  97.1662 240.2677 0002534 100.8283 259.3248 15.39264663265244
SKYSAT-C5               
1 41772U 16058C   21171.43528818  .00000727  00000-0  32352-4 0  9997
2 41772  97.3127 239.3046 0001988  88.1434 272.0032 15.24564171264591
SKYSAT-C2               
1 41773U 16058D   21171.16620238  .00001790  00000-0  48095-4 0  9999
2 41773  97.1668 240.3316 0002663  96.2976 263.8574 15.39213452265223
SKYSAT-C3               
1 41774U 16058E   21171.43798668  .00001796  00000-0  48165-4 0  9997
2 41774  97.1664 240.5491 0002378 111.9401 248.2098 15.39258374265250
ALSAT 1B                
1 41785U 16059C   21169.49620558  .00000018  00000-0  12468-4 0  9998
2 41785  97.9585 219.9807 0029877 237.7943 122.0360 14.63402598252436
PATHFINDER 1            
1 41787U 16059E   21169.58137101  .00000111  00000-0  30177-4 0  9998
2 41787  97.9632 221.5426 0029226 235.2829 124.5621 14.63816829252502
SCATSAT 1               
1 41790U 16059H   21169.39943256  .00000027  00000-0  18260-4 0  9992
2 41790  98.3677 211.2801 0004048 231.8484 128.2347 14.50813098250287
WORLDVIEW-4             
1 41848U 16067A   21171.36291608  .00023396  00000-0  13902-3 0  9993
2 41848  97.8062 321.2343 0008894 181.7862 178.3373 15.77968529254067
GOKTURK 1A              
1 41875U 16073A   21169.43438725  .00000056  00000-0  20083-4 0  9995
2 41875  98.1171  64.3388 0001407  81.4076 278.7278 14.62782239242063
RESOURCESAT-2A          
1 41877U 16074A   21169.50827505  .00000020  00000-0  29159-4 0  9998
2 41877  98.7549 243.4007 0000715   4.6960 355.4225 14.21609529235059
CARTOSAT-2D             
1 41948U 17008A   21169.39809897  .00000860  00000-0  43997-4 0  9994
2 41948  97.4409 229.6976 0008225 146.8273 213.3480 15.19265201240526
SENTINEL-2B             
1 42063U 17013A   21169.52220606  .00000020  00000-0  24237-4 0  9993
2 42063  98.5684 244.4880 0001152 101.5315 258.6002 14.30818609223721
ZHUHAI-1 02 (CAS-4B)    
1 42759U 17034B   21170.99542213  .00000155  00000-0  22659-4 0  9997
2 42759  43.0163 167.1062 0008271 189.5268 199.1102 15.10230915221539
NUSAT-3 (MILANESAT)     
1 42760U 17034C   21170.97954212  .00000538  00000-0  44965-4 0  9992
2 42760  43.0143 164.1091 0008312 212.8952 245.0403 15.10827593221577
ZHUHAI-1 01 (CAS-4A)    
1 42761U 17034D   21169.48525881  .00000323  00000-0  32660-4 0  9994
2 42761  43.0158 174.4622 0008347 180.2759 317.8110 15.10317735221305
CARTOSAT-2E             
1 42767U 17036C   21170.94460475  .00000796  00000-0  41079-4 0  9990
2 42767  97.5036 229.9419 0008198 189.8154 273.5443 15.19223514221327
FORMOSAT-5              
1 42920U 17049A   21171.51080416 -.00000080  00000-0 -89888-5 0  9991
2 42920  98.2695 250.8555 0009479 282.6171  77.3974 14.50866040202380
SENTINEL-5P             
1 42969U 17064A   21171.32214199 -.00000028  00000-0  77304-5 0  9998
2 42969  98.7379 111.1842 0001120  85.0424 275.0880 14.19558046190946
SKYSAT-C11              
1 42987U 17068A   21171.29717631  .00002061  00000-0  53891-4 0  9999
2 42987  97.2602 287.2992 0010173 153.7200 206.4564 15.39865276202651
SKYSAT-C10              
1 42988U 17068B   21171.28448281  .00001979  00000-0  51785-4 0  9998
2 42988  97.2642 287.2694 0002339 182.3883 177.7352 15.39931349202677
SKYSAT-C9               
1 42989U 17068C   21171.07910208  .00002022  00000-0  53015-4 0  9997
2 42989  97.2597 286.4700 0002699  73.1869 286.9673 15.39845625202834
SKYSAT-C8               
1 42990U 17068D   21170.87653347  .00002064  00000-0  53975-4 0  9995
2 42990  97.2645 287.2465 0002012 122.5427 237.6014 15.39905354202631
SKYSAT-C7               
1 42991U 17068E   21171.32148515  .00001938  00000-0  50702-4 0  9997
2 42991  97.2651 287.7078 0000605  74.0897 286.0416 15.39964536202701
SKYSAT-C6               
1 42992U 17068F   21171.31150195  .00001948  00000-0  50902-4 0  9997
2 42992  97.2669 287.9841 0002587  71.8869 288.2659 15.39991496202715
CARTOSAT-2F             
1 43111U 18004A   21170.84932007  .00000848  00000-0  43573-4 0  9993
2 43111  97.4979 230.0283 0003812 194.5293 287.6782 15.19196094190490
NUSAT-4 (ADA)           
1 43195U 18015D   21169.58212098  .00001783  00000-0  72462-4 0  9995
2 43195  97.4872 303.1651 0015266 247.7491 172.6032 15.25821727187696
NUSAT-5 (MARYAM)        
1 43204U 18015K   21169.58245547  .00001826  00000-0  73587-4 0  9998
2 43204  97.4879 303.5352 0014694 249.4806 171.3324 15.26071740187311
GAOFEN 1-02             
1 43259U 18031A   21169.47014501  .00000130  00000-0  25863-4 0  9999
2 43259  97.9329 248.1404 0005538  98.3910 261.7933 14.76519170173438
GAOFEN 1-03             
1 43260U 18031B   21170.87169903 -.00000196  00000-0 -20939-4 0  9997
2 43260  97.9314 249.5056 0006260 153.9920 206.0336 14.76510722173639
GAOFEN 1-04             
1 43262U 18031D   21169.49159853  .00000118  00000-0  24156-4 0  9995
2 43262  97.9329 248.1529 0005686 116.6968 243.4829 14.76524586173428
SENTINEL-3B             
1 43437U 18039A   21171.44363163 -.00000014  00000-0  12435-4 0  9999
2 43437  98.6288 238.9103 0001123 117.0835 243.0460 14.26735115164210
GAOFEN 5                
1 43461U 18043A   21169.45953102  .00000038  00000-0  18220-4 0  9990
2 43461  98.2332 107.9761 0002160  20.2402 339.8877 14.57825083165625
GAOFEN 6                
1 43484U 18048A   21169.51984507  .00000079  00000-0  18672-4 0  9996
2 43484  97.9580 250.7105 0008110 303.1643  56.8793 14.76518444164130
GAOFEN 11-1             
1 43585U 18063A   21170.96766304  .00000978  00000-0  43736-4 0  9996
2 43585  97.3529 250.0488 0015211  12.4020 160.1863 15.23566627161194
AEOLUS                  
1 43600U 18066A   21171.32883606  .00030417  00000-0  11593-3 0  9999
2 43600  96.7154 178.1245 0006011  67.1995 292.9912 15.87473249163701
ICESAT-2                
1 43613U 18070A   21171.28810848  .00000508  00000-0  18249-4 0  9995
2 43613  92.0009 160.5101 0002734  80.5397 279.6161 15.28271685154064
HYSIS                   
1 43719U 18096A   21169.52256921  .00000165  00000-0  29375-4 0  9991
2 43719  97.8581 235.2000 0005113 149.6618 210.4888 14.78612299137776
KAZSTSAT                
1 43783U 18099AB  21171.44221642 -.00000204  00000-0 -14057-4 0  9998
2 43783  97.6756 241.1622 0009183  45.6832 314.5140 14.93659278138761
SAUDISAT 5A             
1 43831U 18102A   21169.48431360  .00000396  00000-0  29538-4 0  9998
2 43831  97.5345 245.2858 0013992 353.1844 128.5331 15.08316469139302
SAUDISAT 5B             
1 43833U 18102C   21169.48100752  .00000254  00000-0  20152-4 0  9994
2 43833  97.5349 245.9124 0015159 359.6385 121.4483 15.08754446139333
GAOFEN 10R              
1 44622U 19066A   21169.52495760  .00000154  00000-0  26721-4 0  9999
2 44622  97.8572 110.4468 0001575  87.0170 273.1216 14.80610338 92156
CARTOSAT-3              
1 44804U 19081A   21171.00061667  .00000541  00000-0  28858-4 0  9992
2 44804  97.4461 233.7881 0014485  48.0022  79.0343 15.19245386 86603
GAOFEN 12-1             
1 44819U 19082A   21169.46337141  .00000009  00000-0  78991-5 0  9992
2 44819  97.8851 191.7144 0000964  95.9167 264.2157 14.80263085 84094
NUSAT-7 (SOPHIE)        
1 45017U 20003B   21169.46962131  .00001945  00000-0  68638-4 0  9997
2 45017  97.2638 234.4586 0012508 214.0589 202.9490 15.30365065 79502
NUSAT-8 (MARIE)         
1 45018U 20003C   21169.47520655  .00002748  00000-0  90496-4 0  9999
2 45018  97.2757 234.3524 0011311 216.7010 268.4473 15.32278604 79462
NUSAT-6 (HYPATIA)       
1 46272U 20061A   21171.50077101  .00001270  00000-0  58401-4 0  9995
2 46272  97.3689 245.1281 0005528 266.3462  93.7142 15.22146482 44130
NEMO-HD                 
1 46277U 20061F   21169.48955128  .00000338  00000-0  20769-4 0  9998
2 46277  97.4311 243.2286 0002381  48.0612   9.0551 15.16376263 43697
NUSAT-12 (DOROTHY)      
1 46827U 20079A   21169.47369720  .00002547  00000-0  85560-4 0  9998
2 46827  97.2401 242.7584 0010219 156.5735 258.9733 15.31699134 34320
NUSAT-9 (ALICE)         
1 46828U 20079B   21169.46661148  .00002481  00000-0  82063-4 0  9999
2 46828  97.2265 242.8062 0003234 174.3110 309.3127 15.32267950 34343
NUSAT-11 (CORA)         
1 46829U 20079C   21169.47825245  .00002452  00000-0  81047-4 0  9990
2 46829  97.2323 242.7976 0008108 168.8461 319.7886 15.32278937 34337
NUSAT-15 (KATHERINE)    
1 46830U 20079D   21170.56470245  .00003447  00000-0  11298-3 0  9995
2 46830  97.2458 244.3378 0006134 137.0122 340.5383 15.32280403 34516
NUSAT-14 (HEDY)         
1 46831U 20079E   21170.98010153  .00001586  00000-0  53182-4 0  9991
2 46831  97.2426 244.4905 0010096 162.8056  10.0519 15.32328962 34561
NUSAT-10 (CAROLINE)     
1 46832U 20079F   21170.99048818  .00002383  00000-0  78548-4 0  9991
2 46832  97.2432 244.4513 0009689 160.9078 316.3102 15.32389900 34562
NUSAT-13 (EMMY)         
1 46833U 20079G   21169.46381395  .00002273  00000-0  75140-4 0  9995
2 46833  97.2433 243.0292 0008867 167.5481 322.9651 15.32350307 34337
NUSAT-17 (MARY)         
1 46835U 20079J   21170.98934148  .00002294  00000-0  76561-4 0  9997
2 46835  97.2430 244.4584 0009042 175.2312 302.3614 15.32030700 34568
NUSAT-18 (VERA)         
1 46836U 20079K   21170.79424723 -.00009970  00000-0 -31786-3 0  9999
2 46836  97.2435 244.4133 0009120 184.4233 299.6454 15.32284230 34542
NUSAT-16 (LISE)         
1 46840U 20079P   21169.44665471  .00002121  00000-0  70208-4 0  9993
2 46840  97.2453 243.0724 0006415 181.4405 308.8223 15.32391248 34332
SENTINEL-6              
1 46984U 20086A   21169.37288290 -.00000061  00000-0  00000+0 0  9992
2 46984  66.0429 325.2404 0007948 264.1082  95.9030 12.80930176 26732
GAOFEN 12-2             
1 48079U 21026A   21169.49811025  .00000028  00000-0  10374-4 0  9997
2 48079  97.8648 161.7788 0002204  64.9056 295.2382 14.80269424 11786
