SARSAT 7 (NOAA 15)      
1 25338U 98030A   21171.31334313  .00000084  00000-0  53502-4 0  9995
2 25338  98.6812 199.8128 0009169 272.7150  87.2980 14.26038729201654
METEOSAT-8 (MSG-1)      
1 27509U 02040B   21170.79264694  .00000139  00000-0  00000-0 0  9990
2 27509   7.3762  52.4747 0002139   5.2995 177.1747  1.00269174 68978
GPS BIIR-08             
1 27663U 03005A   21170.03606927 -.00000040  00000-0  00000-0 0  9991
2 27663  55.7721 287.4752 0120492  38.1222 130.4519  2.00559167134718
GPS BIIR-11             
1 28190U 04009A   21170.32823388 -.00000056  00000-0  00000-0 0  9993
2 28190  56.1837 348.3437 0090809 107.2507  69.2428  2.00568180126394
GPS BIIR-13             
1 28474U 04045A   21170.45360106 -.00000071  00000-0  00000-0 0  9993
2 28474  55.1918  38.0398 0204101 273.4430 268.3994  2.00560962121856
SARSAT 10 (NOAA 18)     
1 28654U 05018A   21171.42086944  .00000066  00000-0  60270-4 0  9999
2 28654  98.9936 236.2972 0013143 273.6668  86.3000 14.12615481828954
GPS BIIR-14M            
1 28874U 05038A   21170.55650373 -.00000057  00000-0  00000-0 0  9993
2 28874  56.2664 345.7494 0135556 270.2865  94.4810  2.00570878115269
METEOSAT-9 (MSG-2)      
1 28912U 05049B   21170.85690859  .00000025  00000-0  00000-0 0  9998
2 28912   5.2157  68.4342 0000361 343.6052 168.3716  1.00278125 56755
GOES 13                 
1 29155U 06018A   21170.86842373  .00000046  00000-0  00000+0 0  9998
2 29155   0.1126 257.9209 0003865 285.6226  98.7777  1.00267816 55221
SARSAT 11 (METOP-A)     
1 29499U 06044A   21171.34707398  .00000005  00000-0  21266-4 0  9996
2 29499  98.4712 210.5017 0000728  89.4674 285.8436 14.21501966761158
GPS BIIR-16M            
1 29601U 06052A   21169.11834685 -.00000034  00000-0  00000-0 0  9994
2 29601  55.7682 286.4382 0081494  69.4895 291.3975  2.00557832106806
GPS BIIR-17M            
1 32260U 07047A   21168.42702341  .00000095  00000-0  00000-0 0  9996
2 32260  53.2352 155.6700 0130381  56.1430 305.0887  2.00568072100219
GPS BIIR-18M            
1 32384U 07062A   21168.50464052 -.00000052  00000-0  00000-0 0  9997
2 32384  56.3748 346.5461 0017472 129.5515  54.2311  2.00569978 98899
SARSAT 12 (NOAA 19)     
1 33591U 09005A   21171.31355316  .00000065  00000-0  60290-4 0  9996
2 33591  99.1826 192.0902 0014850 122.4548 237.8061 14.12476237637320
GOES 14                 
1 35491U 09033A   21171.31106056 -.00000087  00000-0  00000+0 0  9996
2 35491   0.3118 108.2757 0010292 100.8637  67.3680  1.00271127 43879
GOES 15                 
1 36411U 10008A   21171.35055875  .00000062  00000-0  00000+0 0  9991
2 36411   0.1322 133.6786 0004350 282.1880 210.6976  1.00274314 41389
GLONASS-K 1             
1 37372U 11009A   21169.26274472 -.00000036  00000-0  00000-0 0  9996
2 37372  65.9341  15.5304 0014379 227.0847 311.5453  2.13052393 80204
GPS BIIF-2              
1 37753U 11036A   21167.29674174 -.00000065  00000-0  00000-0 0  9995
2 37753  56.4137  42.9925 0108448  48.6728 133.4168  2.00563157 72626
GSAT0101 (GALILEO-PFM)  
1 37846U 11060A   21169.56800156 -.00000069  00000-0  00000+0 0  9991
2 37846  56.8384  31.2501 0003586  30.1303 329.9482  1.70475169 60146
GSAT0102 (GALILEO-FM2)  
1 37847U 11060B   21169.18609356 -.00000068  00000-0  00000-0 0  9999
2 37847  56.8390  31.2600 0003556 354.9463 177.0344  1.70475408 60016
LUCH 5A                 
1 37951U 11074B   21171.61014275 -.00000039  00000-0  00000+0 0  9998
2 37951   4.1255 105.2874 0006227 339.8202 210.6702  1.00274925 34910
METEOSAT-10 (MSG-3)     
1 38552U 12035B   21170.85804265  .00000069  00000-0  00000-0 0  9998
2 38552   1.2088  11.2002 0001134  35.8114 179.6854  1.00278574 32572
SARSAT 13 (METOP-B)     
1 38771U 12049A   21171.39855541 -.00000006  00000-0  17292-4 0  9996
2 38771  98.7145 231.4385 0001638  53.1374 317.4994 14.21484897454298
GPS BIIF-3              
1 38833U 12053A   21169.02027253  .00000061  00000-0  00000-0 0  9993
2 38833  53.5726 218.2946 0109824  41.6016 319.3059  2.00556832 62839
GSAT0103 (GALILEO-FM3)  
1 38857U 12055A   21170.19563933  .00000083  00000-0  00000+0 0  9994
2 38857  55.0481 151.6895 0005095 271.9069  88.0221  1.70473664 54057
GSAT0104 (GALILEO-FM4)  
1 38858U 12055B   21170.16638284  .00000084  00000-0  00000+0 0  9995
2 38858  55.0482 151.6919 0002771 277.0643  82.8917  1.70473993 54025
GPS BIIF-4              
1 39166U 13023A   21170.38107772 -.00000056  00000-0  00000-0 0  9992
2 39166  55.9108 342.2688 0093258  35.0455 325.5788  2.00562561 59309
INSAT-3D                
1 39216U 13038B   21171.16160498 -.00000149  00000-0  00000+0 0  9997
2 39216   0.0522 105.0702 0001602   1.7053 302.1097  1.00270201 29020
GPS BIIF-5              
1 39533U 14008A   21169.88351946  .00000058  00000-0  00000-0 0  9992
2 39533  53.6754 223.7299 0053863 204.0715 155.7530  2.00561178 53647
LUCH 5V                 
1 39727U 14023A   21171.19409205 -.00000262  00000-0  00000+0 0  9990
2 39727   0.7026  58.2687 0005379  38.4351 336.4962  1.00273403544230
GPS BIIF-6              
1 39741U 14026A   21169.16664601 -.00000067  00000-0  00000-0 0  9990
2 39741  56.3842  42.4466 0022921 302.2591  57.5734  2.00551324 51939
GPS BIIF-7              
1 40105U 14045A   21169.74876679  .00000107  00000-0  00000-0 0  9995
2 40105  54.6295 161.3249 0016505 106.7976 253.3926  2.00552645 49486
GSAT0201 (GALILEO 5)    
1 40128U 14050A   21169.92310463 -.00000083  00000-0  00000+0 0  9993
2 40128  50.4748 346.7638 1649016 111.4505 266.9465  1.85518645 46412
GSAT0202 (GALILEO 6)    
1 40129U 14050B   21169.10743950 -.00000079  00000-0  00000-0 0  9991
2 40129  50.5062 345.8456 1646289 112.2302 266.0653  1.85519390 46625
GPS BIIF-8              
1 40294U 14068A   21169.12183551  .00000004  00000-0  00000-0 0  9997
2 40294  55.5538 102.3583 0034382  46.8547 313.4223  2.00574796 48604
GLONASS-K 2             
1 40315U 14075A   21169.35404595  .00000008  00000-0  00000-0 0  9992
2 40315  63.7716 253.9414 0017896 209.5497 152.6707  2.13101681 50972
GPS BIIF-9              
1 40534U 15013A   21170.75953042 -.00000036  00000-0  00000-0 0  9992
2 40534  53.9492 279.7114 0058310  15.4060 344.7889  2.00574447 45256
GSAT0203 (GALILEO 7)    
1 40544U 15017A   21167.00330447 -.00000067  00000-0  00000-0 0  9993
2 40544  56.6310  31.4038 0001359 265.6759  94.3680  1.70474545 38050
GSAT0204 (GALILEO 8)    
1 40545U 15017B   21169.01616970 -.00000069  00000-0  00000-0 0  9997
2 40545  56.6375  31.3593 0001054 213.2276 146.8234  1.70475580  1139
GPS BIIF-10             
1 40730U 15033A   21170.41855871 -.00000058  00000-0  00000-0 0  9990
2 40730  55.4179 341.2683 0063516   1.3503 358.6788  2.00570855 43438
METEOSAT-11 (MSG-4)     
1 40732U 15034A   21170.64084675  .00000002  00000-0  00000-0 0  9992
2 40732   0.1259 158.5740 0000609 255.2982  84.7764  1.00266599 21741
GSAT0205 (GALILEO 9)    
1 40889U 15045A   21171.13055834 -.00000022  00000-0  00000+0 0  9999
2 40889  55.8723 271.9680 0003291  11.3682 348.6658  1.70475594 35932
GSAT0206 (GALILEO 10)   
1 40890U 15045B   21171.35004326 -.00000023  00000-0  00000+0 0  9996
2 40890  55.8715 271.9582 0001651 349.3390  10.6841  1.70475593 35966
GPS BIIF-11             
1 41019U 15062A   21169.96828473 -.00000004  00000-0  00000-0 0  9990
2 41019  55.5495 102.1604 0068180 214.8920 144.6492  2.00563534 41242
ELEKTRO-L 2             
1 41105U 15074A   21171.10889155 -.00000109  00000-0  00000+0 0  9997
2 41105   2.0896  92.4607 0001781  45.4892 155.3067  1.00272976 20233
GSAT0209 (GALILEO 12)   
1 41174U 15079A   21169.17818445  .00000084  00000-0  00000-0 0  9998
2 41174  55.0634 151.4183 0005748 306.0609  53.8725  1.70473083 33664
GSAT0208 (GALILEO 11)   
1 41175U 15079B   21169.98444123  .00000083  00000-0  00000+0 0  9994
2 41175  55.0618 151.3952 0005000 304.9227  55.0174  1.70473185 34255
GPS BIIF-12             
1 41328U 16007A   21167.56591416  .00000097  00000-0  00000-0 0  9992
2 41328  54.8560 161.9920 0051774 226.5435 133.0304  2.00562302 39249
GSAT0211 (GALILEO 14)   
1 41549U 16030A   21168.93217461 -.00000015  00000-0  00000-0 0  9991
2 41549  56.0174 271.9195 0002920 311.2710  48.7359  1.70475343 31554
GSAT0210 (GALILEO 13)   
1 41550U 16030B   21170.39811979 -.00000021  00000-0  00000+0 0  9996
2 41550  56.0157 271.8807 0002848 269.5114  90.4837  1.70475435 31555
INSAT-3DR               
1 41752U 16054A   21171.16681486 -.00000070  00000-0  00000+0 0  9994
2 41752   0.0994 101.0817 0009310 169.7514 131.8244  1.00270722 17526
GSAT0207 (GALILEO 15)   
1 41859U 16069A   21170.64398694  .00000081  00000-0  10000-3 0  9992
2 41859  54.7236 151.6494 0005783 295.9748  63.9583  1.70476174 28543
GSAT0212 (GALILEO 16)   
1 41860U 16069B   21170.49739926  .00000082  00000-0  00000+0 0  9990
2 41860  54.7201 151.6515 0004521 312.1042  47.8442  1.70473033 28567
GSAT0213 (GALILEO 17)   
1 41861U 16069C   21169.10329828  .00000083  00000-0  00000-0 0  9995
2 41861  54.7224 151.6946 0005281 278.0972  81.8299  1.70473195 28407
GSAT0214 (GALILEO 18)   
1 41862U 16069D   21169.83691811  .00000083  00000-0  00000-0 0  9990
2 41862  54.7209 151.6694 0004410 282.7013  77.2369  1.70473110 28541
GOES 16                 
1 41866U 16071A   21171.29216385 -.00000242  00000-0  00000+0 0  9996
2 41866   0.0823 100.4582 0001253  17.3486 180.8936  1.00275579 16839
GSAT-17                 
1 42815U 17040B   21170.94646556 -.00000250  00000-0  00000+0 0  9995
2 42815   0.0176 320.7820 0001622  13.7170   8.0858  1.00268440 14591
GSAT0215 (GALILEO 19)   
1 43055U 17079A   21170.32775187 -.00000020  00000-0  00000-0 0  9995
2 43055  55.9909 271.7190 0002301 259.7906 100.2116  1.70474516 21893
GSAT0216 (GALILEO 20)   
1 43056U 17079B   21170.62024411 -.00000021  00000-0  00000+0 0  9996
2 43056  55.9915 271.7107 0004109 267.9922  91.9884  1.70474615 21883
GSAT0217 (GALILEO 21)   
1 43057U 17079C   21170.25379587 -.00000020  00000-0  00000+0 0  9992
2 43057  55.9893 271.7209 0003549 281.2847  78.7038  1.70474596 21897
GSAT0218 (GALILEO 22)   
1 43058U 17079D   21168.71406672 -.00000014  00000-0  00000+0 0  9990
2 43058  55.9911 271.7607 0004528 264.6150  95.3664  1.70474592 21864
GOES 17                 
1 43226U 18022A   21170.61336743  .00000105  00000-0  00000-0 0  9990
2 43226   0.0587 245.9129 0000391 204.3695 261.3896  1.00272185 12120
GSAT0221 (GALILEO 25)   
1 43564U 18060A   21170.95910257 -.00000071  00000-0  00000+0 0  9994
2 43564  57.0182  31.0177 0002285 296.8371  63.1987  1.70475479 18095
GSAT0222 (GALILEO 26)   
1 43565U 18060B   21170.00577511 -.00000069  00000-0  00000+0 0  9990
2 43565  57.0195  31.0436 0002290 314.4849  45.5546  1.70475506 18110
GSAT0219 (GALILEO 23)   
1 43566U 18060C   21170.22635321 -.00000069  00000-0  00000+0 0  9999
2 43566  57.0210  31.0395 0002022 320.8356  39.2083  1.70475486 18090
GSAT0220 (GALILEO 24)   
1 43567U 18060D   21168.68642558 -.00000067  00000-0  00000-0 0  9996
2 43567  57.0192  31.0823 0002036 310.0680  49.9721  1.70475299 18057
BEIDOU-3 M13            
1 43622U 18072A   21169.43356170  .00000052  00000-0  00000-0 0  9990
2 43622  55.2884 123.5963 0008629 289.8467  69.1730  1.86231834 18662
BEIDOU-3 M14            
1 43623U 18072B   21169.30469750  .00000052  00000-0  00000-0 0  9996
2 43623  55.2881 123.5926 0006890 309.4991  53.3580  1.86231842 18676
GPS BIII-1              
1 43873U 18109A   21170.58446451  .00000110  00000-0  00000+0 0  9993
2 43873  55.0376 164.2148 0013291 201.9646  70.4350  2.00556406 18447
METEOR-M2 2             
1 44387U 19038A   21169.52626788 -.00000042  00000-0  69486-6 0  9996
2 44387  98.6710 129.3435 0000317 188.2892 171.8271 14.23688713101625
GPS BIII-2              
1 44506U 19056A   21170.80496523 -.00000071  00000-0  00000+0 0  9996
2 44506  55.4825  43.5085 0014996 173.9750 156.5118  2.00565478 13497
BEIDOU-3 M23            
1 44542U 19061A   21169.26432821  .00000018  00000-0  10000-3 0  9996
2 44542  54.7058 244.4984 0007674 322.8330 117.4090  1.86231257 11807
BEIDOU-3 M24            
1 44543U 19061B   21169.27952613  .00000018  00000-0  10000-3 0  9994
2 44543  54.7040 244.4687 0005211 307.1473  54.1399  1.86231673 11810
BEIDOU-3 M21            
1 44793U 19078A   21168.18133696 -.00000067  00000-0  10000-3 0  9995
2 44793  55.0555   3.1835 0006820  13.7055 165.6655  1.86232468 10646
BEIDOU-3 M22            
1 44794U 19078B   21169.11428105 -.00000066  00000-0  00000-0 0  9997
2 44794  55.0291   3.1513 0004773  13.7933 342.0606  1.86232917 10654
ELEKTRO-L 3             
1 44903U 19095A   21171.15845278 -.00000090  00000-0  00000+0 0  9995
2 44903   0.0477 134.6810 0003111 337.9970 289.0157  1.00271951  5437
GPS BIII-3              
1 45854U 20041A   21168.43244591  .00000004  00000-0  00000-0 0  9997
2 45854  55.2626 100.8682 0011247 159.4516 200.5868  2.00565872  7411
GPS BIII-4              
1 46826U 20078A   21168.47356472 -.00000031  00000-0  00000+0 0  9993
2 46826  54.8231 284.8878 0006672 175.7886 184.2364  2.00554376  4890
