CRE (WAAS/PRN 138)      
1 28868U 05036A   21170.97839392 -.00000067  00000-0  00000+0 0  9990
2 28868   0.0126 355.4641 0002828  80.2628  77.5972  1.00270945 57879
IOR-W (EGNOS/PRN 126)   
1 28899U 05044A   21171.17271914  .00000015  00000-0  00000+0 0  9998
2 28899   3.2417  33.7704 0003048  61.9787 298.9141  1.00272530 57222
QZS-1 (QZSS/PRN 183)    
1 37158U 10045A   21170.76993878 -.00000073  00000-0  00000+0 0  9992
2 37158  41.9676 138.4292 0760144 270.6898 277.2698  1.00266494 39432
GSAT-8 (GAGAN/PRN 127)  
1 37605U 11022A   21171.25952021  .00000091  00000-0  00000+0 0  9994
2 37605   0.0389 124.3523 0002494 183.1464 109.7009  1.00272994 36963
LUCH 5A (SDCM/PRN 140)  
1 37951U 11074B   21171.61014275 -.00000039  00000-0  00000+0 0  9998
2 37951   4.1255 105.2874 0006227 339.8202 210.6702  1.00274925 34910
SES-5 (EGNOS/PRN 136)   
1 38652U 12036A   21171.28779920  .00000040  00000-0  00000+0 0  9995
2 38652   0.0477 298.9115 0002243 142.1910 296.1967  1.00270029 32790
GSAT-10 (GAGAN/PRN 128) 
1 38779U 12051B   21171.24771681 -.00000158  00000-0  00000+0 0  9995
2 38779   0.0712 107.8453 0001705 354.1442 338.8766  1.00272089 32016
LUCH 5B (SDCM/PRN 125)  
1 38977U 12061A   21171.42714605 -.00000131  00000-0  00000+0 0  9990
2 38977   6.5184  65.2124 0004526  29.3639 311.7546  1.00272354 31891
ASTRA 5B (EGNOS/PRN 123)
1 39617U 14011B   21171.29312059  .00000161  00000-0  00000+0 0  9993
2 39617   0.0430 321.0505 0004260 142.9836 301.6942  1.00272287 26592
LUCH 5V (SDCM/PRN 141)  
1 39727U 14023A   21171.19409205 -.00000262  00000-0  00000+0 0  9990
2 39727   0.7026  58.2687 0005379  38.4351 336.4962  1.00273403544230
GSAT-15 (GAGAN/PRN 139) 
1 41028U 15065A   21171.22132837 -.00000251  00000-0  00000+0 0  9990
2 41028   0.0716 269.7455 0004136 165.3805   6.6916  1.00273000 20587
E 117 W B (WAAS/PRN 131)
1 41589U 16038B   21170.90462667 -.00000004  00000-0  00000+0 0  9990
2 41589   0.0418 173.4185 0000270   4.8454 298.7416  1.00270998 18423
SES-15 (WAAS/PRN 133)   
1 42709U 17026A   21171.34936510  .00000067  00000-0  00000+0 0  9993
2 42709   0.0163  17.6988 0000558  66.1145 181.5740  1.00269077 15907
QZS-2 (QZSS/PRN 184)    
1 42738U 17028A   21170.59853730 -.00000187  00000-0  00000+0 0  9999
2 42738  42.3762 269.2874 0758893 269.1181  84.9654  1.00286322 14854
QZS-3 (QZSS/PRN 189)    
1 42917U 17048A   21171.31219578 -.00000341  00000-0  00000+0 0  9999
2 42917   0.0648 181.7779 0002101 274.2422  52.1537  1.00269513 14083
QZS-4 (QZSS/PRN 185)    
1 42965U 17062A   21171.39974564 -.00000323  00000-0  00000+0 0  9999
2 42965  40.8239   6.7838 0745402 271.5139 271.3908  1.00253978 13522
