HST                     
1 20580U 90037B   21171.37356733  .00000508  00000-0  19764-4 0  9997
2 20580  28.4710  45.7568 0002842  94.8923  75.8009 15.09663011511700
POLAR                   
1 23802U 96013A   21167.20554050  .00000230  00000-0  00000+0 0  9996
2 23802  78.7114 245.4534 6012276 271.2362  25.0210  1.29847034121113
SWAS                    
1 25560U 98071A   21171.30352515  .00000098  00000-0  17690-4 0  9993
2 25560  69.8972 177.9908 0006757 169.1312 190.9991 14.94083839224184
CXO                     
1 25867U 99040B   21173.39957508  .00000393  00000-0  00000+0 0  9994
2 25867  54.9419 255.0053 8328931 226.5435   0.0931  0.37802661 21596
XMM-NEWTON              
1 25989U 99066A   21172.51630521 -.00000144  00000-0  00000-0 0  9999
2 25989  70.7969 312.0031 6571969  90.3852   0.2757  0.50137945 13866
TERRA                   
1 25994U 99068A   21170.84721894  .00000043  00000-0  19540-4 0  9995
2 25994  98.1757 245.2271 0001373  90.1898  24.7161 14.57127916143697
CLUSTER II-FM7 (SAMBA)  
1 26410U 00041A   21172.00003862  .00000614  00000-0  00000+0 0  9990
2 26410 132.8395 344.5441 4913440 192.0964 359.6732  0.44234524 23971
CLUSTER II-FM6 (SALSA)  
1 26411U 00041B   21171.99624940  .00000730  00000-0  00000-0 0  9994
2 26411 133.6393 346.4475 6410104 196.8999 359.6845  0.44224785 12261
CLUSTER II-FM5 (RUMBA)  
1 26463U 00045A   21169.73620823  .00000778  00000-0  00000-0 0  9992
2 26463 137.2457 346.4240 5965026 197.1142 359.5440  0.44219120 12133
CLUSTER II-FM8 (TANGO)  
1 26464U 00045B   21171.99970966  .00000614  00000-0  00000-0 0  9999
2 26464 132.8294 344.5359 4915283 192.0915 359.7057  0.44217115 12223
ODIN                    
1 26702U 01007A   21170.99878612  .00001118  00000-0  75551-4 0  9994
2 26702  97.5363 187.4945 0012718  90.8905 269.3781 15.08510685112223
TIMED                   
1 26998U 01055B   21171.30066503  .00000108  00000-0  15777-4 0  9990
2 26998  74.0728 280.8553 0002218 270.9579  89.1348 14.88315313 59269
RHESSI                  
1 27370U 02004A   21171.17023653  .00002674  00000-0  80876-4 0  9996
2 27370  38.0329  82.8924 0009461 107.3477 252.8330 15.35072206 70829
INTEGRAL                
1 27540U 02048A   21170.60387834  .00000736  00000-0  00000+0 0  9997
2 27540  64.3113  84.4351 8990762 299.3210   1.9228  0.37579152 19775
CORIOLIS                
1 27640U 03001A   21170.97845736  .00000004  00000-0  22873-4 0  9993
2 27640  98.7206 180.7268 0015253  62.5416 357.0441 14.19073467955549
SORCE                   
1 27651U 03004A   21171.14091430  .00000111  00000-0  25611-4 0  9994
2 27651  39.9960  79.2700 0021282  86.4311 273.8912 14.89315953999065
MOST                    
1 27843U 03031D   21171.27507495 -.00000000  00000-0  20187-4 0  9995
2 27843  98.7077 179.1973 0011112 110.5713 249.6657 14.20638460931821
SCISAT 1                
1 27858U 03036A   21171.31138668  .00000044  00000-0  11165-4 0  9996
2 27858  73.9314 178.9479 0009261 296.5158  63.5066 14.77354147961968
SWIFT                   
1 28485U 04047A   21170.80666712  .00000942  00000-0  33500-4 0  9999
2 28485  20.5576 332.5186 0011137  25.7221 334.3766 15.05019077908907
FORMOSAT-3 FM6          
1 29047U 06011A   21171.04762449  .00000134  00000-0  68641-4 0  9995
2 29047  71.9791  79.6649 0049669 149.4078 210.9972 14.28819480793831
FORMOSAT-3 FM1          
1 29048U 06011B   21170.93515845  .00000085  00000-0  49723-4 0  9994
2 29048  71.9667 350.3734 0042426 107.3476 253.2308 14.28781701796275
FORMOSAT-3 FM5          
1 29049U 06011C   21171.33632672  .00000075  00000-0  45859-4 0  9993
2 29049  72.0188 163.2973 0033545 131.6324 228.7695 14.28863257792130
FORMOSAT-3 FM3          
1 29050U 06011D   21171.33146593  .00000070  00000-0  25002-4 0  9990
2 29050  72.0162 271.7592 0049509  14.1436 346.1089 14.59076260810083
FORMOSAT-3 FM4          
1 29051U 06011E   21171.04743528  .00000047  00000-0  34301-4 0  9996
2 29051  72.0060  65.2312 0068012   7.9322 352.2873 14.28895035794693
FORMOSAT-3 FM2          
1 29052U 06011F   21170.95018217  .00000055  00000-0  37584-4 0  9991
2 29052  72.0333 140.7301 0038388  88.5652 271.9882 14.29005368793013
CLOUDSAT                
1 29107U 06016A   21171.35210695  .00000054  00000-0  20134-4 0  9998
2 29107  98.2788 124.3498 0001138  61.4910 298.6405 14.62375964806261
CALIPSO                 
1 29108U 06016B   21171.52425632  .00000124  00000-0  33932-4 0  9995
2 29108  98.2763 124.2943 0001532  83.2684 276.8691 14.62557211806135
HINODE (SOLAR-B)        
1 29479U 06041A   21171.29757690  .00000077  00000-0  23707-4 0  9996
2 29479  98.1347 185.8167 0017770 286.9568  72.9687 14.64564594787758
SJ-6C                   
1 29505U 06046A   21169.50388391 -.00000032  00000-0  23657-5 0  9997
2 29505  97.7992 187.6863 0002980 254.1316 105.9566 14.95163149798308
SJ-6D                   
1 29506U 06046B   21169.46817642  .00000339  00000-0  37503-4 0  9992
2 29506  97.8186 187.8694 0002176  32.3066 327.8291 14.93612042797807
AGILE                   
1 31135U 07013A   21171.25003927  .00002594  00000-0  42536-4 0  9998
2 31135   2.4663 195.8237 0011395 170.3812 189.6460 15.33619222788586
AIM                     
1 31304U 07015A   21171.44283490  .00001015  00000-0  59097-4 0  9991
2 31304  97.8690  73.2222 0005222 161.7299 198.4120 15.14456038776367
FGRST (GLAST)           
1 33053U 08029A   21171.18465628  .00000480  00000-0  10548-4 0  9999
2 33053  25.5821 115.7995 0011979 305.3364  54.6052 15.11535693719038
WISE                    
1 36119U 09071A   21171.37340262  .00001092  00000-0  39034-4 0  9991
2 36119  97.2833 207.8695 0003693 128.8814 231.2757 15.30935308640097
SDO                     
1 36395U 10005A   21170.35805859 -.00000054  00000-0  00000+0 0  9995
2 36395  30.9707 115.1731 0001446 316.0119 223.7034  1.00270689 41749
CRYOSAT 2               
1 36508U 10013A   21171.35592202  .00000046  00000-0  10642-4 0  9994
2 36508  92.0109 196.5689 0007700  54.4052 305.7872 14.51906739593636
X-SAT                   
1 37389U 11015C   21169.49797657 -.00000016  00000-0  11048-4 0  9997
2 37389  98.3821 215.2743 0013040 301.8865  58.1046 14.24390049528393
GCOM-W1 (SHIZUKU)       
1 38337U 12025A   21171.34666463  .00000035  00000-0  17878-4 0  9997
2 38337  98.2093 111.9929 0000467  90.6181  22.2213 14.57100853483574
NUSTAR                  
1 38358U 12031A   21171.18258564  .00000959  00000-0  26107-4 0  9998
2 38358   6.0261 117.3843 0011501 154.8712 205.1977 14.88544355490873
NEOSSAT                 
1 39089U 13009D   21171.26948498  .00000036  00000-0  28015-4 0  9993
2 39089  98.4424  11.2423 0010115 275.8035  84.1997 14.34568092435296
IRIS                    
1 39197U 13033A   21171.22588871  .00000111  00000-0  22079-4 0  9999
2 39197  97.9658 355.4790 0028877 119.2362 241.1742 14.78864256430452
HISAKI (SPRINT-A)       
1 39253U 13049A   21171.17268386  .00000042  00000-0 -27876-4 0  9993
2 39253  29.7188 125.7172 0136928   1.5035 358.5931 13.55248933384964
CASSIOPE                
1 39265U 13055A   21171.29986397  .00001678  00000-0  46755-4 0  9997
2 39265  80.9670 289.0864 0647997 305.5270  48.7107 14.32282321400388
STSAT-3                 
1 39422U 13066G   21171.54964153  .00000513  00000-0  58360-4 0  9990
2 39422  97.4786 191.2443 0024152  50.9136 309.4238 14.89972686411943
SWARM B                 
1 39451U 13067A   21171.29201636  .00000415  00000-0  16585-4 0  9999
2 39451  87.7551 169.8124 0001706 102.1928 257.9508 15.22039403420477
SWARM A                 
1 39452U 13067B   21171.27449923  .00001439  00000-0  28886-4 0  9995
2 39452  87.3601 356.7375 0003293  78.6190 281.5438 15.45676085426015
SWARM C                 
1 39453U 13067C   21171.27443178  .00001439  00000-0  28868-4 0  9992
2 39453  87.3453 356.9463 0003291  78.5526 281.6101 15.45674478425977
BRITE-CA1 (TORONTO)     
1 40020U 14033L   21171.33337684  .00000079  00000-0  21868-4 0  9991
2 40020  97.7428 344.6773 0086729 339.6135  20.1615 14.66743151374682
OCO 2                   
1 40059U 14035A   21171.32203575  .00000026  00000-0  15742-4 0  9991
2 40059  98.2097 112.7089 0001372  93.5780 266.5576 14.57104272370604
BRITE-PL2 (HEWELIUSZ)   
1 40119U 14049B   21171.19173750  .00000132  00000-0  22005-4 0  9997
2 40119  97.8880 265.6465 0017044 352.0213   8.0727 14.84661358370340
RESURS P2               
1 40360U 14087A   21170.99480417  .00000963  00000-0  31317-4 0  9993
2 40360  97.2285 258.4311 0008339 319.6120 155.3256 15.34284025362650
MMS 1                   
1 40482U 15011C   21170.28078749 -.00000475  00000-0  10000-3 0  9993
2 40482  33.5342 116.8453 8436423  33.2510 356.9965  0.28558850 12267
MMS 2                   
1 40483U 15011A   21170.28102368 -.00000474  00000-0  10000-3 0  9998
2 40483  33.5331 116.8463 8436388  33.2775 356.9942  0.28535019 12245
MMS 3                   
1 40484U 15011C   21170.03475694 -.00000455  00000-0  00000+0 0  9991
2 40484  33.5278 116.8540 8439838  33.2694 331.6606  0.28560378 12237
MMS 4                   
1 40485U 15011D   21150.80548125 -.00000488  00000-0  00000+0 0  9991
2 40485  33.4521 117.0984 8440820  32.5680 156.1830  0.28465260 12180
ASTROSAT                
1 40930U 15052A   21171.27045661  .00000722  00000-0  12288-4 0  9998
2 40930   5.9960 240.4482 0008204  70.1279 289.9732 14.76374757309598
DAMPE                   
1 41173U 15078A   21169.50253778  .00000136  00000-0  85137-5 0  9992
2 41173  97.3486 161.6645 0015146  46.2569  68.3619 15.24014388306146
PISAT                   
1 41784U 16059B   21171.38114072  .00000103  00000-0  28707-4 0  9995
2 41784  97.9663 222.7937 0030818 231.5083 128.3355 14.63631161252727
HXMT (HUIYAN)           
1 42758U 17034A   21169.51374988  .00000256  00000-0  29384-4 0  9998
2 42758  43.0163 187.3040 0008051 173.5350 317.4911 15.09205383221171
FLYING LAPTOP           
1 42831U 17042G   21171.51405289  .00000077  00000-0  12924-4 0  9994
2 42831  97.4706  41.1146 0015158 133.0381 227.2122 14.91303212214145
PICSAT                  
1 43132U 18004X   21171.46842830  .00001649  00000-0  67169-4 0  9996
2 43132  97.4089 245.9835 0008805 186.8706 173.2413 15.25885633191148
ZHANGZHENG-1 (CSES)     
1 43194U 18015C   21169.56806890  .00001322  00000-0  62666-4 0  9995
2 43194  97.4795 296.9266 0012037 266.3439 153.4552 15.21037003187317
ICON                    
1 44628U 19068A   21171.29233230  .00000504  00000-0  28995-4 0  9990
2 44628  26.9885 153.3600 0018880   8.8446 351.2442 14.91955384 92402
SALSAT                  
1 46495U 20068K   21170.92357033 -.00000306  00000-0 -17860-4 0  9994
2 46495  97.6944 108.4040 0018657  64.0057 296.3090 15.03454152 39703
