ISS (ZARYA)             
1 25544U 98067A   21171.52477565  .00000573  00000-0  18561-4 0  9993
2 25544  51.6439 326.2204 0003431 114.0576 357.2071 15.49003599289115
KESTREL EYE IIM (KE2M)  
1 42982U 98067NE  21171.29805675  .00106609  15849-4  24257-3 0  9995
2 42982  51.6216 176.8792 0003955  43.0556 317.0761 15.97330733209213
TEMPEST-D               
1 43547U 98067NV  21171.30733226  .04024260  12096-4  10267-2 0  9999
2 43547  51.6173 222.2524 0006926 323.9377  36.1177 16.27991284167462
AEROCUBE 12A            
1 43556U 18046C   21171.27238666  .00001139  00000-0  48405-4 0  9993
2 43556  51.6394 135.8868 0007538 168.7834 191.3317 15.31795731163717
AEROCUBE 12B            
1 43557U 18046D   21171.30313994  .00002202  00000-0  83971-4 0  9995
2 43557  51.6399 137.5574 0007722 168.7439 191.3716 15.31195673163646
LEMUR-2-VU              
1 43558U 18046E   21171.16565938  .00003207  00000-0  10739-3 0  9994
2 43558  51.6390 128.6239 0006426 173.8099 186.2964 15.33962821163799
LEMUR-2-ALEXANDER       
1 43559U 18046F   21171.28117977  .00003532  00000-0  11622-3 0  9997
2 43559  51.6392 127.1670 0006363 174.0628 186.0431 15.34214895163605
LEMUR-2-YUASA           
1 43560U 18046G   21171.13412661  .00003013  00000-0  10174-3 0  9996
2 43560  51.6398 129.1593 0006373 187.6778 172.4107 15.33910816163789
LEMUR-2-TOMHENDERSON    
1 43561U 18046H   21171.28112404  .00003980  00000-0  13191-3 0  9990
2 43561  51.6397 129.3725 0006733 184.5881 175.5040 15.33619883163352
1998-067PN              
1 43638U 98067PN  21171.42835983  .00045962  00000-0  19648-3 0  9995
2 43638  51.6290 229.2715 0004962 354.5236   5.5712 15.84663334154537
STARS-ME                
1 43640U 98067PQ  21171.32675025  .00737994  34401-3  49233-3 0  9997
2 43640  51.6144 210.1276 0008736   1.6709 358.4335 16.16272146154788
ISS DEB (SEDA-AP)       
1 43870U 98067PU  21171.29729110  .00005755  00000-0  69235-4 0  9996
2 43870  51.6357 276.7704 0003645 347.4055  12.6848 15.62499402142064
UNITE                   
1 44031U 98067PX  21170.85545272  .00036595  00000-0  20375-3 0  9999
2 44031  51.6379 252.7272 0003838 346.5884  13.5015 15.79075422136054
ISS DEB                 
1 44303U 98067QA  21171.34921539  .00006291  00000-0  83958-4 0  9997
2 44303  51.6389 298.3242 0004515 258.4601 101.5885 15.59536726117061
ISS DEB                 
1 44306U 98067QD  21171.05033212  .00007243  00000-0  93328-4 0  9990
2 44306  51.6376 299.2214 0005662 255.0315 105.0051 15.60202423117035
RAAVANA-1               
1 44329U 98067QE  21170.69589911  .00067334  00000-0  38973-3 0  9997
2 44329  51.6376 273.5070 0004999 311.9281  48.1806 15.77936854114516
UGUISU                  
1 44330U 98067QF  21171.01142867  .00048008  00000-0  28684-3 0  9996
2 44330  51.6308 272.5127 0005719 310.3719  49.6782 15.77357315114535
NEPALISAT-1             
1 44331U 98067QG  21171.32523373  .00044531  00000-0  26034-3 0  9990
2 44331  51.6326 270.1087 0005716 313.4860  46.5664 15.77880236114609
SPOOQY-1                
1 44332U 98067QH  21171.28267983  .00040298  00000-0  24710-3 0  9993
2 44332  51.6331 271.3688 0005213 317.9097  42.1502 15.76854371114545
RED-EYE 1 (PINOT)       
1 44364U 98067QJ  21171.05610715  .00007785  00000-0  10259-3 0  9995
2 44364  51.6391 300.8560 0005809 253.0948 106.9408 15.59476178112592
KRAKSAT                 
1 44427U 98067QM  21169.53076508  .00025649  00000-0  23581-3 0  9992
2 44427  51.6400 294.9886 0002974 255.0998 185.4874 15.67507909111644
VCC A                   
1 44428U 98067QN  21171.33427174  .00037664  00000-0  24626-3 0  9994
2 44428  51.6348 274.8623 0003810 300.2608  59.8015 15.75428646112071
ENTRYSAT                
1 44429U 98067QP  21171.25104856  .00102865  00000-0  38076-3 0  9995
2 44429  51.6268 264.2987 0006721 325.8114  34.2457 15.87298916112208
VCC B                   
1 44431U 98067QR  21171.28554631  .00041306  00000-0  26155-3 0  9998
2 44431  51.6323 274.4313 0003704 300.8004  59.2631 15.76119827112019
ISS DEB                 
1 44789U 98067QU  21162.58449091  .09083592  12427-4  88933-3 0  9994
2 44789  51.6111 314.3411 0012700 300.8738  59.1038 16.37153671 89727
RWASAT-1                
1 44790U 98067QV  21169.50084640  .00012242  00000-0  15478-3 0  9999
2 44790  51.6400 314.1909 0006236 295.9967 172.7964 15.59949183 89617
AQT-D                   
1 44791U 98067QW  21171.24242053  .00010774  00000-0  13589-3 0  9997
2 44791  51.6389 305.8921 0005709 276.3610  83.6733 15.60167807 89887
NARSSCUBE-1             
1 44792U 98067QX  21171.33074432  .00022192  00000-0  21024-3 0  9992
2 44792  51.6361 296.6186 0004511 299.0233  61.0311 15.66852843 90017
STPSAT-4                
1 45043U 98067QY  21171.21667144  .00005602  00000-0  91181-4 0  9996
2 45043  51.6408 319.8880 0004608 286.7682  73.2803 15.54319157 78937
HARP                    
1 45256U 98067QZ  21170.81310777  .00012611  00000-0  16463-3 0  9991
2 45256  51.6424 314.2646 0005856 281.2587  78.7747 15.59065752 75646
1998-067RA              
1 45257U 98067RA  21171.24547945  .00009043  00000-0  12526-3 0  9990
2 45257  51.6389 313.3421 0006488 283.9904  76.0367 15.57891103 75691
PHOENIX                 
1 45258U 98067RB  21170.99852446  .00008329  00000-0  12101-3 0  9992
2 45258  51.6398 316.1789 0005182 262.4435  97.5968 15.56719788 75604
1998-067RC              
1 45259U 98067RC  21171.34862596  .00016573  00000-0  19196-3 0  9991
2 45259  51.6387 308.0262 0005830 283.7381  76.2964 15.61953153 75775
CRYOCUBE                
1 45260U 98067RD  21170.91211023  .00030911  00000-0  31998-3 0  9994
2 45260  51.6378 308.8535 0006402 282.8894  77.1386 15.64410814 75732
AZTECHSAT-1             
1 45261U 98067RE  21171.09580819  .00026104  00000-0  25824-3 0  9997
2 45261  51.6366 304.8064 0006149 285.6568  74.3748 15.65654751 75787
RADSAT-U                
1 45262U 98067RF  21170.62061833  .00010636  00000-0  14411-3 0  9999
2 45262  51.6414 315.9782 0005272 315.7133  44.3437 15.58269436 75619
QARMAN                  
1 45263U 98067RG  21171.08389349  .00017061  00000-0  19846-3 0  9992
2 45263  51.6387 310.0037 0005853 278.7270  81.3060 15.61817560 75752
SORTIE                  
1 45264U 98067RH  21170.84117186  .00005793  00000-0  91799-4 0  9991
2 45264  51.6419 319.6707 0006440 286.2065  73.8217 15.54992711 75571
ICS-EF (ISS DEB)        
1 45265U 98067RJ  21170.72672486  .00002829  00000-0  52871-4 0  9993
2 45265  51.6418 324.8553 0004601 284.6534  75.3946 15.52487236 75179
G-SAT                   
1 45597U 98067RK  21170.97766718  .00010635  00000-0  14521-3 0  9993
2 45597  51.6402 316.0704 0003554 340.8991  19.1868 15.58067785 65008
QUETZAL-1               
1 45598U 98067RL  21170.81074798  .00015482  00000-0  19475-3 0  9995
2 45598  51.6400 315.7028 0001498 355.7021   4.3959 15.59859320 64928
RED-EYE 2 (MERLOT)      
1 45800U 98067RM  21170.80093469  .00005256  00000-0  88609-4 0  9990
2 45800  51.6424 323.8828 0000652 308.5880  51.5052 15.53467182 57057
RED-EYE 3 (CABERNET)    
1 45809U 98067RN  21171.31589430  .00004945  00000-0  83783-4 0  9996
2 45809  51.6420 321.3222 0000816 288.9461  71.1441 15.53473341 56111
DEMI                    
1 45916U 98067RP  21170.82151634  .00015057  00000-0  19768-3 0  9998
2 45916  51.6409 318.0393 0002265 224.8747 135.2062 15.58745377 53108
SPOC                    
1 46921U 98067RR  21170.70884672  .00008385  00000-0  13221-3 0  9991
2 46921  51.6425 324.7869 0002108  92.7151 267.4082 15.54452568 35206
BOBCAT-1                
1 46922U 98067RS  21171.29886009  .00011984  00000-0  17453-3 0  9993
2 46922  51.6428 320.4971 0001631 103.8629 256.2544 15.56174260 35279
NEUTRON-1               
1 46923U 98067RT  21171.04604421  .00008184  00000-0  12978-3 0  9998
2 46923  51.6423 323.2865 0002102 107.8500 252.2720 15.54331410 35287
1998-067RU              
1 46924U 98067RU  21171.13470082  .00021293  00000-0  26380-3 0  9991
2 46924  51.6404 318.6199 0001524 173.0410 187.0605 15.60008867 35312
LEMUR-2-BAXTER-OLIVER   
1 46925U 98067RV  21171.27303358  .00028314  00000-0  33741-3 0  9998
2 46925  51.6423 317.3301 0001552 173.2227 186.8788 15.60851573 35313
LEMUR-2-DJARA           
1 46926U 98067RW  21171.32500354  .00021460  00000-0  26667-3 0  9994
2 46926  51.6428 317.6769 0000912 146.4089 213.6962 15.59923644 35339
DESCENT                 
1 46927U 98067RX  21170.92252361  .00007894  00000-0  12554-3 0  9997
2 46927  51.6422 323.9586 0002283 127.6668 232.4531 15.54308718 35175
PROGRESS-MS 16          
1 47618U 21011A   21170.55100848 -.00000801  00000-0 -63758-5 0  9998
2 47618  51.6443 331.0365 0003380 104.9286 332.6235 15.48998238288960
CYGNUS NG-15            
1 47689U 21013A   21170.55100848 -.00000801  00000-0 -63758-5 0  9998
2 47689  51.6443 331.0365 0003380 104.9286 332.6235 15.48998238288968
ISS DEB                 
1 47853U 98067RZ  21171.28704339  .00001398  00000-0  32978-4 0  9999
2 47853  51.6441 327.1248 0003273 101.8670 258.2686 15.49527859 15700
RSP-01                  
1 47925U 98067SB  21171.13770517  .00007342  00000-0  12885-3 0  9993
2 47925  51.6432 326.8840 0002058  55.9607 304.1578 15.51652405 15196
TAUSAT-1                
1 47926U 98067SC  21171.30309688  .00010433  00000-0  17574-3 0  9995
2 47926  51.6424 325.7384 0003013  53.2693 306.8573 15.52297116 15219
TSURU                   
1 47927U 98067SD  21170.82035926  .00007349  00000-0  12975-3 0  9995
2 47927  51.6432 328.5143 0002157  53.2655 306.8533 15.51481290 15144
STARS-EC                
1 47928U 98067SE  21170.81980012  .00010029  00000-0  17261-3 0  9992
2 47928  51.6428 328.5049 0005691 121.9369 238.2175 15.51732465 15127
MMSATS-1                
1 47976U 98067SJ  21171.60043827  .00003634  00000-0  71919-4 0  9992
2 47976  51.6478 325.4506 0003059 102.8425 257.2905 15.49878813 14032
SOYUZ-MS 18             
1 48159U 21029A   21170.55100848 -.00000801  00000-0 -63758-5 0  9998
2 48159  51.6443 331.0365 0003380 104.9286 332.6235 15.48998238288961
CREW DRAGON 2           
1 48209U 21030A   21170.55100848 -.00000801  00000-0 -63758-5 0  9996
2 48209  51.6443 331.0365 0003380 104.9286 332.6235 15.48998238288967
TIANHE                  
1 48274U 21035A   21171.57937015  .00002393  00000-0  29978-4 0  9991
2 48274  41.4692 262.4255 0008503 318.2132 177.6577 15.62451294  8226
TIANZHOU-2              
1 48803U 21046A   21170.42071726  .00006060  00000-0  69956-4 0  9997
2 48803  41.4694 269.4950 0008290 309.0159 141.1374 15.62452877  8044
DRAGON CRS-22           
1 48831U 21048A   21170.55100848 -.00000801  00000-0 -63758-5 0  9996
2 48831  51.6443 331.0365 0003380 104.9286 332.6235 15.48998238288968
SOAR                    
1 48850U 98067SL  21169.95461817  .00006530  00000-0  12374-3 0  9999
2 48850  51.6428 333.9664 0004675 143.1806 216.9504 15.49661241   749
RAMSAT                  
1 48851U 98067SM  21169.95451468  .00018078  00000-0  32678-3 0  9990
2 48851  51.6426 333.9657 0004484 142.8350 217.2950 15.49752267   780
SHENZHOU-12             
1 48852U 21053A   21170.42071726  .00006060  00000-0  69956-4 0  9999
2 48852  41.4694 269.4950 0008290 309.0159 141.1374 15.62452877  8048
2021-053B               
1 48853U 21053B   21170.68221021  .00530108  76040-5  37828-3 0  9992
2 48853  41.4585 266.9197 0090496 143.7572   4.2479 16.06304191   416
