STARLINK-2758           
1 48638U 21044A   21171.08334491 -.00001370  00000-0 -53330-5 0  9996
2 48638  53.0508 304.0207 0001278  46.2161 275.0228 15.73227988  4750
STARLINK-2739           
1 48639U 21044B   21171.50001157 -.00296358  00000-0 -21724-2 0  9995
2 48639  53.0494 301.9477 0001667  33.9430 129.1440 15.73300387  4811
STARLINK-2736           
1 48640U 21044C   21171.50001157 -.00477712  00000-0 -35638-2 0  9991
2 48640  53.0494 301.9459 0002005  46.6986 117.0330 15.73402602  4757
STARLINK-2754           
1 48641U 21044D   21171.50001157 -.01103049  00000-0 -13025-1 0  9997
2 48641  53.0507 302.1429 0001160  77.2916  11.1510 15.63229060  4812
STARLINK-2646           
1 48642U 21044E   21171.50001157 -.01101949  00000-0 -13401-1 0  9993
2 48642  53.0468 302.1104 0001244  61.1212  16.3883 15.62478870  4750
STARLINK-2704           
1 48643U 21044F   21171.50001157 -.01103075  00000-0 -12929-1 0  9990
2 48643  53.0511 302.1445 0001289  57.3778  35.1235 15.63415498  4816
STARLINK-2695           
1 48644U 21044G   21171.50001157 -.01103429  00000-0 -12839-1 0  9994
2 48644  53.0522 302.1297 0001395  50.7387  45.4852 15.63599725  4753
STARLINK-2733           
1 48645U 21044H   21171.50001157 -.01103436  00000-0 -12741-1 0  9995
2 48645  53.0528 302.1270 0001420  48.8130  50.7359 15.63792602  4811
STARLINK-2732           
1 48646U 21044J   21171.50001157 -.01103682  00000-0 -12646-1 0  9993
2 48646  53.0529 302.1220 0001490  46.0499  56.7136 15.63986321  4815
STARLINK-2691           
1 48647U 21044K   21171.41667824 -.01106456  00000-0 -12486-1 0  9997
2 48647  53.0529 302.5141 0001354  42.0741 314.5030 15.64375958  4803
STARLINK-2521           
1 48648U 21044L   21171.41667824 -.01106384  00000-0 -12462-1 0  9992
2 48648  53.0517 302.5142 0001276  47.2955 310.4211 15.64422945  4747
STARLINK-2673           
1 48649U 21044M   21171.41667824 -.01100682  00000-0 -14180-1 0  9997
2 48649  53.0506 302.5714 0001220  55.7776 248.4600 15.61000841  4741
STARLINK-2672           
1 48650U 21044N   21171.41667824 -.01100753  00000-0 -14074-1 0  9990
2 48650  53.0507 302.5665 0001172  59.6832 248.5512 15.61196080  4745
STARLINK-2731           
1 48651U 21044P   21171.41667824 -.01101393  00000-0 -13977-1 0  9993
2 48651  53.0521 302.5570 0001233  53.0941 259.0950 15.61389703  4743
STARLINK-2727           
1 48652U 21044Q   21171.41667824 -.01101619  00000-0 -13879-1 0  9996
2 48652  53.0511 302.5569 0001169  60.4050 256.0360 15.61576413  4740
STARLINK-2720           
1 48653U 21044R   21171.41667824 -.01102170  00000-0 -13781-1 0  9992
2 48653  53.0509 302.5398 0001281  48.3813 271.8740 15.61771023  4746
STARLINK-2651           
1 48654U 21044S   21171.41667824 -.01102165  00000-0 -13680-1 0  9995
2 48654  53.0509 302.5352 0001175  57.7600 266.5425 15.61959799  4803
STARLINK-2657           
1 48655U 21044T   21171.41667824 -.01103176  00000-0 -13589-1 0  9997
2 48655  53.0506 302.5314 0001384  44.0280 283.9936 15.62154174  4742
STARLINK-2701           
1 48656U 21044U   21171.41667824 -.01102781  00000-0 -13483-1 0  9992
2 48656  53.0510 302.5382 0001125  62.2964 269.5281 15.62345814  4743
STARLINK-2734           
1 48657U 21044V   21171.41667824 -.01103396  00000-0 -13392-1 0  9995
2 48657  53.0508 302.5194 0001256  49.7123 286.0377 15.62532648  4804
STARLINK-2647           
1 48658U 21044W   21171.41667824 -.01103870  00000-0 -13296-1 0  9996
2 48658  53.0512 302.5079 0001261  49.9765 289.3454 15.62727387  4800
STARLINK-2717           
1 48659U 21044X   21171.41667824 -.01104046  00000-0 -13199-1 0  9995
2 48659  53.0528 302.5222 0001202  52.8841 290.0843 15.62918051  4745
STARLINK-2688           
1 48660U 21044Y   21171.41667824 -.01104274  00000-0 -13104-1 0  9996
2 48660  53.0532 302.5380 0001182  54.5958 292.1160 15.63106895  4743
STARLINK-2708           
1 48661U 21044Z   21171.41667824 -.00183726  00000-0 -13351-2 0  9990
2 48661  53.0490 302.1387 0000965  60.6791  97.2013 15.73167405  4804
STARLINK-2726           
1 48662U 21044AA  21171.41667824 -.00371606  00000-0 -27561-2 0  9995
2 48662  53.0494 302.1393 0000998  55.8863 102.6428 15.73246435  4743
STARLINK-2667           
1 48663U 21044AB  21171.41667824 -.00204601  00000-0 -14881-2 0  9997
2 48663  53.0494 302.1381 0001086  40.4124 118.6854 15.73211959  4743
STARLINK-2709           
1 48664U 21044AC  21171.41667824 -.00353281  00000-0 -26121-2 0  9997
2 48664  53.0492 302.1356 0000965  55.1948 104.5616 15.73266384  4805
STARLINK-2653           
1 48665U 21044AD  21171.41667824 -.00000089  00000-0  37818-5 0  9990
2 48665  53.0474 302.1338 0001280  58.6711 101.5540 15.73212862  4808
STARLINK-2666           
1 48666U 21044AE  21171.41667824 -.00299798  00000-0 -22062-2 0  9991
2 48666  53.0493 302.1336 0001071  47.7528 113.3044 15.73222447  4801
STARLINK-2735           
1 48667U 21044AF  21171.41667824 -.00000080  00000-0  38516-5 0  9999
2 48667  53.0476 302.1322 0001402  49.2814 112.2155 15.73212876  4740
STARLINK-2738           
1 48668U 21044AG  21171.41667824  .00559616  00000-0  37882-2 0  9995
2 48668  53.0470 302.1291 0001113  58.9351 103.4149 15.72843777  4803
STARLINK-2707           
1 48669U 21044AH  21171.41667824  .00448638  00000-0  30698-2 0  9995
2 48669  53.0472 302.1283 0001134  50.6289 112.3145 15.72914312  4741
STARLINK-2763           
1 48670U 21044AJ  21171.41667824 -.00381326  00000-0 -28327-2 0  9995
2 48670  53.0492 302.1273 0000905  39.5377 124.0990 15.73237310  4748
STARLINK-2745           
1 48671U 21044AK  21171.41667824  .00000433  00000-0  75035-5 0  9992
2 48671  53.0475 302.1266 0001344  52.8086 111.2318 15.73212640  4746
STARLINK-2705           
1 48672U 21044AL  21171.41667824  .00533618  00000-0  36216-2 0  9994
2 48672  53.0468 302.1229 0001138  47.2882 117.5976 15.72858408  4804
STARLINK-2711           
1 48673U 21044AM  21171.41667824 -.00245842  00000-0 -17996-2 0  9990
2 48673  53.0493 302.1236 0001096  56.4708 109.0532 15.73187070  4808
STARLINK-2712           
1 48674U 21044AN  21171.41667824  .00621175  00000-0  41801-2 0  9998
2 48674  53.0469 302.1205 0001090  53.0266 113.1633 15.72804045  4809
STARLINK-2737           
1 48675U 21044AP  21171.41667824  .00514222  00000-0  34963-2 0  9994
2 48675  53.0470 302.1199 0001211  45.0218 121.7619 15.72872381  4747
STARLINK-2746           
1 48676U 21044AQ  21171.41667824  .00484981  00000-0  33066-2 0  9996
2 48676  53.0474 302.1190 0001099  51.4894 115.9170 15.72892423  4801
STARLINK-2719           
1 48677U 21044AR  21171.41667824  .00523027  00000-0  35530-2 0  9990
2 48677  53.0473 302.1176 0001246  44.4707 123.5866 15.72867836  4744
STARLINK-2615           
1 48678U 21044AS  21171.41667824  .00471797  00000-0  32209-2 0  9997
2 48678  53.0471 302.1156 0001160  50.4314 118.2422 15.72900440  4745
STARLINK-2648           
1 48679U 21044AT  21171.41667824  .00001835  00000-0  17479-4 0  9994
2 48679  53.0466 302.1128 0001302  59.9618 109.3317 15.73218763  4743
STARLINK-2649           
1 48680U 21044AU  21171.41667824  .00002761  00000-0  24059-4 0  9997
2 48680  53.0466 302.1109 0001324  59.0311 110.8763 15.73225522  4809
STARLINK-2725           
1 48681U 21044AV  21171.41667824 -.00108740  00000-0 -77743-3 0  9991
2 48681  53.0468 302.1108 0001243  64.7871 105.7995 15.73284724  4804
STARLINK-2743           
1 48682U 21044AW  21171.41667824 -.00074194  00000-0 -52737-3 0  9993
2 48682  53.0475 302.1091 0001264  51.4070 119.8032 15.73262502  4742
STARLINK-2756           
1 48683U 21044AX  21171.41667824 -.00084308  00000-0 -59955-3 0  9991
2 48683  53.0475 302.1084 0001333  57.0710 114.6643 15.73302375  4749
STARLINK-2741           
1 48684U 21044AY  21171.41667824  .00021508  00000-0  15694-3 0  9995
2 48684  53.0476 302.1067 0001300  65.1887 107.2476 15.73245473  4805
STARLINK-2751           
1 48685U 21044AZ  21171.41667824 -.00083095  00000-0 -59081-3 0  9995
2 48685  53.0478 302.1066 0001435  47.9364 125.0674 15.73300801  4742
STARLINK-2629           
1 48686U 21044BA  21171.08334491  .00002844  00000-0  24654-4 0  9990
2 48686  53.0475 303.7611 0001057  40.7437  44.0519 15.73215865  4759
STARLINK-2627           
1 48687U 21044BB  21171.41667824 -.00108036  00000-0 -77253-3 0  9991
2 48687  53.0466 302.1019 0001301  60.5825 113.8128 15.73277770  4741
STARLINK-2742           
1 48688U 21044BC  21171.41667824 -.00075162  00000-0 -53460-3 0  9999
2 48688  53.0477 302.1018 0001476  48.8405 126.1868 15.73251782  4742
STARLINK-2617           
1 48689U 21044BD  21171.41667824 -.00097606  00000-0 -69669-3 0  9995
2 48689  53.0478 302.1013 0001270  48.2362 127.3956 15.73276654  4743
STARLINK-2740           
1 48690U 21044BE  21171.41667824  .00011828  00000-0  88516-4 0  9990
2 48690  53.0482 302.1008 0001327  59.1689 117.0600 15.73211939  4804
STARLINK-2750           
1 48691U 21044BF  21171.41667824  .00016949  00000-0  12506-3 0  9995
2 48691  53.0478 302.0987 0001509  50.0057 126.9127 15.73173135  4747
STARLINK-2752           
1 48692U 21044BG  21171.41667824  .00016970  00000-0  12510-3 0  9995
2 48692  53.0478 302.0969 0001388  45.0043 132.5376 15.73193583  4740
STARLINK-2618           
1 48693U 21044BH  21171.41667824 -.00080505  00000-0 -57309-3 0  9998
2 48693  53.0480 302.0963 0001575  48.4476 129.7589 15.73259292  4747
STARLINK-2748           
1 48694U 21044BJ  21171.41667824  .00016571  00000-0  12219-3 0  9990
2 48694  53.0478 302.0937 0001417  55.9244 122.8687 15.73208993  4742
STARLINK-2616           
1 48695U 21044BK  21171.41667824 -.00083055  00000-0 -59151-3 0  9990
2 48695  53.0481 302.0937 0001369  61.6788 117.8116 15.73261954  4804
STARLINK-2753           
1 48696U 21044BL  21171.41667824 -.00077186  00000-0 -61303-3 0  9991
2 48696  53.0491 301.8895 0001339  53.3805 224.0384 15.70667190  4752
STARLINK-2715           
1 48697U 21044BM  21171.41667824 -.00038349  00000-0 -26948-3 0  9996
2 48697  53.0482 302.0910 0001504  59.6702 121.0292 15.73245032  4746
FALCON 9 DEB            
1 48698U 21044BN  21171.35498191  .00520472  11702-4  34764-3 0  9990
2 48698  53.0463 298.2949 0017435 299.0991  60.8299 16.15933842  3953
FALCON 9 DEB            
1 48699U 21044BP  21171.35433037  .00491840  14648-3  34554-3 0  9993
2 48699  53.0495 298.2966 0016551 298.3961  61.5407 16.15321578  3951
FALCON 9 DEB            
1 48700U 21044BQ  21171.08255361  .00631536  11758-4  35866-3 0  9993
2 48700  53.0429 299.4319 0017358 290.9572  68.9607 16.18091351  3913
FALCON 9 DEB            
1 48701U 21044BR  21171.30739994  .01164791  11923-4  41487-3 0  9993
2 48701  53.0421 297.9669 0014800 297.5047  62.4488 16.23986128  3957
ONEWEB-0211             
1 48767U 21045A   21171.41667824 -.01051711  00000-0 -34652-1 0  9993
2 48767  87.4109 268.5686 0006842 176.0808 282.6982 15.34161433  4770
ONEWEB-0223             
1 48768U 21045B   21171.41667824 -.00956822  00000-0 -28047-1 0  9991
2 48768  87.4092 268.5391 0011655 158.7176  87.2252 15.37903500  4780
ONEWEB-0230             
1 48769U 21045C   21171.41667824 -.00062345  00000-0 -16810-2 0  9996
2 48769  87.3967 268.5872 0007651 164.0521  90.0416 15.38081527  4758
ONEWEB-0237             
1 48770U 21045D   21171.41667824 -.01047135  00000-0 -39833-1 0  9998
2 48770  87.4062 268.5825 0010672 172.1634 121.8712 15.29509565  4778
ONEWEB-0235             
1 48771U 21045E   21171.41667824 -.00989995  00000-0 -42739-1 0  9996
2 48771  87.4007 268.6123 0006155 176.3033 316.9682 15.25266019  4751
ONEWEB-0242             
1 48772U 21045F   21171.41667824 -.00978611  00000-0 -30693-1 0  9996
2 48772  87.4096 268.5497 0010044 177.8665 349.7363 15.35905860  4779
ONEWEB-0241             
1 48773U 21045G   21171.41667824 -.01058054  00000-0 -37496-1 0  9996
2 48773  87.4086 268.5798 0007665 156.7139 231.7639 15.31858108  4774
ONEWEB-0243             
1 48774U 21045H   21171.41667824 -.00981793  00000-0 -37778-1 0  9994
2 48774  87.4091 268.5995 0010455 174.9871 101.7098 15.28970751  4776
ONEWEB-0222             
1 48775U 21045J   21171.41667824 -.00968153  00000-0 -29909-1 0  9997
2 48775  87.4108 268.5548 0010574 174.7247  10.7424 15.36336235  4782
ONEWEB-0244             
1 48776U 21045K   21171.41667824 -.00059512  00000-0 -14705-2 0  9997
2 48776  87.4016 268.5716 0006964 159.2150 309.4977 15.40747365  4772
ONEWEB-0247             
1 48777U 21045L   21171.41667824 -.00999609  00000-0 -34843-1 0  9992
2 48777  87.4095 268.5687 0007353 158.7060 241.8682 15.32240351  4770
ONEWEB-0245             
1 48778U 21045M   21171.41667824 -.01024446  00000-0 -38495-1 0  9999
2 48778  87.4090 268.5889 0010584 169.5503 138.6553 15.29848512  4771
ONEWEB-0229             
1 48779U 21045N   21171.41667824 -.01055218  00000-0 -35932-1 0  9994
2 48779  87.4117 268.5718 0006190 169.1186 260.1162 15.33138199  4779
ONEWEB-0228             
1 48780U 21045P   21171.41667824 -.01035802  00000-0 -37805-1 0  9994
2 48780  87.4095 268.5821 0009648 161.4442 183.1267 15.30829913  4770
ONEWEB-0232             
1 48781U 21045Q   21171.41667824 -.00058909  00000-0 -15257-2 0  9995
2 48781  87.3991 268.5810 0009763 183.2725 168.1047 15.39285698  4760
ONEWEB-0231             
1 48782U 21045R   21171.41667824 -.00978073  00000-0 -32128-1 0  9994
2 48782  87.4087 268.5629 0007262 178.7818 293.3238 15.34501390  4779
ONEWEB-0234             
1 48783U 21045S   21171.41667824 -.01000678  00000-0 -36029-1 0  9997
2 48783  87.4099 268.5824 0009075 158.7372 201.5384 15.31184815  4776
ONEWEB-0238             
1 48784U 21045T   21171.41667824 -.01009176  00000-0 -31944-1 0  9991
2 48784  87.4113 268.5624 0009631 177.3188 342.7481 15.35716121  4773
ONEWEB-0240             
1 48785U 21045U   21171.41667824 -.00970477  00000-0 -33062-1 0  9995
2 48785  87.4102 268.5680 0006592 164.7818 268.0278 15.33339388  4775
ONEWEB-0246             
1 48786U 21045V   21171.41667824 -.01001954  00000-0 -42090-1 0  9993
2 48786  87.4047 268.6108 0006895 182.8193 343.5844 15.26195474  4757
ONEWEB-0210             
1 48787U 21045W   21171.41667824 -.00963680  00000-0 -35973-1 0  9998
2 48787  87.4084 268.5860 0010019 161.9919 168.4604 15.30354724  4770
ONEWEB-0214             
1 48788U 21045X   21171.41667824 -.01037449  00000-0 -45254-1 0  9998
2 48788  87.4018 268.6128 0006737 169.1809 310.1591 15.25044191  4753
ONEWEB-0221             
1 48789U 21045Y   21171.41667824 -.01025853  00000-0 -29902-1 0  9997
2 48789  87.4111 268.5451 0011739 156.4114  99.3944 15.38270847  4797
ONEWEB-0213             
1 48790U 21045Z   21171.41667824 -.01032954  00000-0 -31304-1 0  9998
2 48790  87.4098 268.5463 0011617 163.5936  57.7334 15.37098882  4788
ONEWEB-0212             
1 48791U 21045AA  21171.41667824 -.00986744  00000-0 -29473-1 0  9997
2 48791  87.4134 268.5542 0011645 161.5882  70.2438 15.37411795  4784
ONEWEB-0227             
1 48792U 21045AB  21171.41667824 -.00957039  00000-0 -34242-1 0  9993
2 48792  87.4181 268.5803 0008776 157.8632 217.1438 15.31712446  4771
ONEWEB-0226             
1 48793U 21045AC  21171.41667824 -.00991465  00000-0 -39770-1 0  9996
2 48793  87.4059 268.5938 0009215 183.3023  46.0754 15.27657399  4750
ONEWEB-0224             
1 48794U 21045AD  21171.41667824 -.01052794  00000-0 -47828-1 0  9994
2 48794  87.3981 268.6241 0007976 162.1605 266.6408 15.23713607  4752
ONEWEB-0233             
1 48795U 21045AE  21171.41667824 -.01048722  00000-0 -46609-1 0  9997
2 48795  87.4023 268.6244 0007106 166.0408 294.0271 15.24447461  4759
ONEWEB-0190             
1 48796U 21045AF  21171.41667824 -.01022790  00000-0 -41450-1 0  9994
2 48796  87.4070 268.6056 0008715 185.3094  29.1190 15.27410784  4764
ONEWEB-0236             
1 48797U 21045AG  21171.41667824 -.01048635  00000-0 -44888-1 0  9999
2 48797  87.3984 268.6050 0006518 178.1963 330.5639 15.25703084  4758
ONEWEB-0248             
1 48798U 21045AH  21171.41667824 -.00907092  00000-0 -28792-1 0  9996
2 48798  87.4090 268.5585 0009226 178.8891 327.8609 15.35337518  4770
ONEWEB-0225             
1 48799U 21045AJ  21171.41667824 -.00967423  00000-0 -32466-1 0  9994
2 48799  87.4108 268.5654 0006532 173.1078 273.8950 15.33805618  4778
ONEWEB-0215             
1 48800U 21045AK  21171.41667824 -.01058563  00000-0 -43623-1 0  9991
2 48800  87.4037 268.6004 0008233 186.3550  12.4216 15.26963619  4751
ONEWEB-0216             
1 48801U 21045AL  21171.08334491 -.00946809  00000-0 -38339-1 0  9992
2 48801  87.4156 268.7254 0007117 186.1745 324.5037 15.27255860  4702
ONEWEB-0239             
1 48802U 21045AM  21171.41667824 -.01036243  00000-0 -40573-1 0  9995
2 48802  87.4056 268.5906 0010437 177.4534  85.1396 15.28547539  4775
TIANZHOU-2              
1 48803U 21046A   21170.42071726  .00006060  00000-0  69956-4 0  9997
2 48803  41.4694 269.4950 0008290 309.0159 141.1374 15.62452877  8044
FENGYUN 4B              
1 48808U 21047A   21171.10715716 -.00000350  00000-0  00000+0 0  9990
2 48808   0.0657 245.5626 0000170 260.1600 285.0143  1.00276847   290
CZ-3B R/B               
1 48809U 21047B   21171.41516062  .00045247 -10340-5  12204-2 0  9997
2 48809  28.6048 125.9444 7222178 190.3244 137.0380  2.39967678   436
DRAGON CRS-22           
1 48831U 21048A   21170.55100848 -.00000801  00000-0 -63758-5 0  9996
2 48831  51.6443 331.0365 0003380 104.9286 332.6235 15.48998238288968
SXM-8                   
1 48838U 21049A   21170.71577119 -.00000003  00000-0  00000+0 0  9999
2 48838   0.0642 267.0037 0002478 264.3362 234.0388  1.00409399   347
FALCON 9 R/B            
1 48839U 21049B   21170.56611541  .00006074  00000-0  42139-3 0  9997
2 48839  27.0156 143.2629 5912381 192.5291 141.6311  4.22088436   565
2021-050A               
1 48840U 21050A   21169.14231537 -.00000073  00000-0  00000+0 0  9997
2 48840  97.5102 238.8590 0010933 246.2879 170.2680 15.23594143  1067
2021-050B               
1 48841U 21050B   21170.53099550 -.00000073  00000-0  00000+0 0  9990
2 48841  97.5104 240.2518 0011630 245.4320 227.1180 15.23724261  1269
2021-050C               
1 48842U 21050C   21170.60101553 -.00000073  00000-0  00000+0 0  9996
2 48842  97.5102 240.3208 0010958 244.1610 250.0956 15.23656859  1279
2021-050D               
1 48843U 21050D   21170.53337353 -.00000073  00000-0  00000+0 0  9998
2 48843  97.5112 240.2486 0011344 233.8484 238.3739 15.23280386  1278
ODYSSEY                 
1 48844U 21051A   21171.58825411  .00001646  00000-0  34777-4 0  9992
2 48844  97.4790  85.1829 0034879 265.5336 215.5837 15.46184402  1119
PEGASUS R/B             
1 48845U 21051B   21171.52140227  .00004897  00000-0  10000-3 0  9995
2 48845  97.4805  85.1149 0035082 264.0682 201.5291 15.46026799  1109
SOAR                    
1 48850U 98067SL  21169.95461817  .00006530  00000-0  12374-3 0  9999
2 48850  51.6428 333.9664 0004675 143.1806 216.9504 15.49661241   749
RAMSAT                  
1 48851U 98067SM  21169.95451468  .00018078  00000-0  32678-3 0  9990
2 48851  51.6426 333.9657 0004484 142.8350 217.2950 15.49752267   780
SHENZHOU-12             
1 48852U 21053A   21170.42071726  .00006060  00000-0  69956-4 0  9999
2 48852  41.4694 269.4950 0008290 309.0159 141.1374 15.62452877  8048
CZ-2F R/B               
1 48853U 21053B   21170.68221021  .00530108  76040-5  37828-3 0  9992
2 48853  41.4585 266.9197 0090496 143.7572   4.2479 16.06304191   416
NAVSTAR 81 (USA 319)    
1 48859U 21054A   21169.23150376 -.00000013  00000-0  00000-0 0  9997
2 48859  54.9973  46.8891 5935559 270.1280  26.1817  4.03635208    28
2021-055A               
1 48860U 21055A   21171.52891424  .00002275  00000-0  23225-3 0  9999
2 48860  35.0024 326.3788 0005994 255.3023 104.5682 14.90328521   311
2021-055B               
1 48861U 21055B   21171.52883819 -.00003965  00000-0 -39713-3 0  9997
2 48861  35.0008 326.3803 0006969 264.7162  95.2738 14.90387149   299
2021-055C               
1 48862U 21055C   21171.54264298  .00000026  00000-0  64448-5 0  9992
2 48862  35.0786 326.5919 0078547 286.0201  73.1866 14.81146283   317
2021-055D               
1 48863U 21055D   21171.52879291  .00062160  00000-0  61824-2 0  9995
2 48863  35.0000 326.3836 0007411 270.8949  89.2838 14.90569705   129
2021-055E               
1 48864U 21055E   21171.39358502  .00006059  00000-0  59754-3 0  9993
2 48864  35.0127 327.1623 0008037 302.4133  58.0232 14.91392560   109
