NOAA 15                 
1 25338U 98030A   21171.31334313  .00000084  00000-0  53502-4 0  9995
2 25338  98.6812 199.8128 0009169 272.7150  87.2980 14.26038729201654
DMSP 5D-3 F15 (USA 147) 
1 25991U 99067A   21171.33136207 -.00000093  00000-0 -23565-4 0  9993
2 25991  99.0166 152.4604 0010627 131.6491 337.1513 14.16451737112525
METEOSAT-8 (MSG-1)      
1 27509U 02040B   21170.79264694  .00000139  00000-0  00000-0 0  9990
2 27509   7.3762  52.4747 0002139   5.2995 177.1747  1.00269174 68978
DMSP 5D-3 F16 (USA 172) 
1 28054U 03048A   21171.29292490 -.00000093  00000-0 -25409-4 0  9991
2 28054  98.9541 155.9420 0006325 261.3700 216.0070 14.13641846911867
NOAA 18                 
1 28654U 05018A   21171.42086944  .00000066  00000-0  60270-4 0  9999
2 28654  98.9936 236.2972 0013143 273.6668  86.3000 14.12615481828954
METEOSAT-9 (MSG-2)      
1 28912U 05049B   21170.85690859  .00000025  00000-0  00000-0 0  9998
2 28912   5.2157  68.4342 0000361 343.6052 168.3716  1.00278125 56755
FORMOSAT-3 FM6          
1 29047U 06011A   21171.04762449  .00000134  00000-0  68641-4 0  9995
2 29047  71.9791  79.6649 0049669 149.4078 210.9972 14.28819480793831
FORMOSAT-3 FM1          
1 29048U 06011B   21170.93515845  .00000085  00000-0  49723-4 0  9994
2 29048  71.9667 350.3734 0042426 107.3476 253.2308 14.28781701796275
FORMOSAT-3 FM5          
1 29049U 06011C   21171.33632672  .00000075  00000-0  45859-4 0  9993
2 29049  72.0188 163.2973 0033545 131.6324 228.7695 14.28863257792130
FORMOSAT-3 FM3          
1 29050U 06011D   21171.33146593  .00000070  00000-0  25002-4 0  9990
2 29050  72.0162 271.7592 0049509  14.1436 346.1089 14.59076260810083
FORMOSAT-3 FM4          
1 29051U 06011E   21171.04743528  .00000047  00000-0  34301-4 0  9996
2 29051  72.0060  65.2312 0068012   7.9322 352.2873 14.28895035794693
FORMOSAT-3 FM2          
1 29052U 06011F   21170.95018217  .00000055  00000-0  37584-4 0  9991
2 29052  72.0333 140.7301 0038388  88.5652 271.9882 14.29005368793013
EWS-G1 (GOES 13)        
1 29155U 06018A   21170.86842373  .00000046  00000-0  00000+0 0  9998
2 29155   0.1126 257.9209 0003865 285.6226  98.7777  1.00267816 55221
METOP-A                 
1 29499U 06044A   21171.34707398  .00000005  00000-0  21266-4 0  9996
2 29499  98.4712 210.5017 0000728  89.4674 285.8436 14.21501966761158
DMSP 5D-3 F17 (USA 191) 
1 29522U 06050A   21171.29303335 -.00000087  00000-0 -22637-4 0  9992
2 29522  98.7835 187.8124 0009207 206.0305 154.0406 14.14042796754719
FENGYUN 3A              
1 32958U 08026A   21170.67245865  .00000003  00000-0  21365-4 0  9991
2 32958  98.4500 144.2505 0008753   1.3527 358.7672 14.18659275676787
FENGYUN 2E              
1 33463U 08066A   21170.72992431 -.00000201  00000-0  00000-0 0  9991
2 33463   5.1180  67.1941 0003032 334.8318 215.6682  1.00276301 45809
NOAA 19                 
1 33591U 09005A   21171.31355316  .00000065  00000-0  60290-4 0  9996
2 33591  99.1826 192.0902 0014850 122.4548 237.8061 14.12476237637320
GOES 14                 
1 35491U 09033A   21171.31106056 -.00000087  00000-0  00000+0 0  9996
2 35491   0.3118 108.2757 0010292 100.8637  67.3680  1.00271127 43879
METEOR-M 1              
1 35865U 09049A   21170.67843827  .00000002  00000-0  19635-4 0  9995
2 35865  98.4790 148.9135 0002103 170.9799 189.1417 14.22276049609974
DMSP 5D-3 F18 (USA 210) 
1 35951U 09057A   21171.52838187  .00000110  00000-0  81028-4 0  9993
2 35951  98.6799 155.7550 0011976  43.2184 316.9926 14.13368682601990
GOES 15                 
1 36411U 10008A   21171.35055875  .00000062  00000-0  00000+0 0  9991
2 36411   0.1322 133.6786 0004350 282.1880 210.6976  1.00274314 41389
COMS 1                  
1 36744U 10032A   21170.88177083 -.00000337  00000-0  00000-0 0  9997
2 36744   0.2141  95.2710 0001037 349.4695 269.1776  1.00271958 32803
FENGYUN 3B              
1 37214U 10059A   21169.51999792 -.00000008  00000-0  19714-4 0  9997
2 37214  99.0788 163.6331 0016245 313.7969  46.1859 14.15989331549486
SUOMI NPP               
1 37849U 11061A   21171.35114437 -.00000011  00000-0  15654-4 0  9998
2 37849  98.7376 109.9852 0000822  70.9396  88.1428 14.19534784499811
FENGYUN 2F              
1 38049U 12002A   21171.45675657 -.00000352  00000-0  00000+0 0  9996
2 38049   2.9218  82.1110 0002046  46.9398  55.9438  1.00283483 34619
METEOSAT-10 (MSG-3)     
1 38552U 12035B   21170.85804265  .00000069  00000-0  00000-0 0  9998
2 38552   1.2088  11.2002 0001134  35.8114 179.6854  1.00278574 32572
METOP-B                 
1 38771U 12049A   21171.39855541 -.00000006  00000-0  17292-4 0  9996
2 38771  98.7145 231.4385 0001638  53.1374 317.4994 14.21484897454298
FENGYUN 3C              
1 39260U 13052A   21169.54847912  .00000010  00000-0  26070-4 0  9990
2 39260  98.4974 210.2113 0009971 240.2286 119.7896 14.15870376400426
METEOR-M 2              
1 40069U 14037A   21171.46366600 -.00000029  00000-0  56656-5 0  9992
2 40069  98.4590 200.2297 0004586 302.3465  57.7293 14.20684914360465
HIMAWARI-8              
1 40267U 14060A   21170.88421345 -.00000269  00000-0  00000-0 0  9994
2 40267   0.0142 356.7951 0001331 111.8566 258.6302  1.00271052 24471
FENGYUN 2G              
1 40367U 14090A   21171.45035080 -.00000297  00000-0  00000+0 0  9999
2 40367   1.0387  92.4178 0000762 331.2314 107.2662  1.00267649 23761
METEOSAT-11 (MSG-4)     
1 40732U 15034A   21170.64084675  .00000002  00000-0  00000-0 0  9992
2 40732   0.1259 158.5740 0000609 255.2982  84.7764  1.00266599 21741
ELEKTRO-L 2             
1 41105U 15074A   21171.10889155 -.00000109  00000-0  00000+0 0  9997
2 41105   2.0896  92.4607 0001781  45.4892 155.3067  1.00272976 20233
HIMAWARI-9              
1 41836U 16064A   21170.88421345 -.00000268  00000-0  00000-0 0  9992
2 41836   0.0306  98.2965 0001517  16.3179 252.7700  1.00270001 16903
GOES 16                 
1 41866U 16071A   21171.29216385 -.00000242  00000-0  00000+0 0  9996
2 41866   0.0823 100.4582 0001253  17.3486 180.8936  1.00275579 16839
FENGYUN 4A              
1 41882U 16077A   21171.58892034 -.00000323  00000-0  00000+0 0  9993
2 41882   0.0265 313.6371 0002648 184.5401  87.5639  1.00269068 16709
CYGFM05                 
1 41884U 16078A   21171.04705629  .00000504  00000-0  28076-4 0  9998
2 41884  34.9576 295.9374 0014824  88.5779 271.6630 15.15034467249874
CYGFM04                 
1 41885U 16078B   21171.02447785  .00000451  00000-0  24934-4 0  9993
2 41885  34.9500 287.2790 0013239 102.4282 257.7911 15.15541590249958
CYGFM02                 
1 41886U 16078C   21170.62261697  .00000460  00000-0  25438-4 0  9995
2 41886  34.9592 291.7726 0013978  93.5119 266.7192 15.15540372249844
CYGFM01                 
1 41887U 16078D   21171.06331437  .00000441  00000-0  24922-4 0  9991
2 41887  34.9537 297.5705 0015289  88.7639 271.4823 15.14824721249852
CYGFM08                 
1 41888U 16078E   21171.34907693  .00000431  00000-0  24093-4 0  9994
2 41888  34.9505 290.0265 0014477 101.1269 259.1071 15.15243019249937
CYGFM06                 
1 41889U 16078F   21170.73483802  .00000443  00000-0  24530-4 0  9997
2 41889  34.9586 289.7725 0012949  94.3186 265.9005 15.15532078249901
CYGFM07                 
1 41890U 16078G   21171.04287838  .00000458  00000-0  25316-4 0  9994
2 41890  34.9524 286.7812 0012693 101.3327 258.8811 15.15530622249955
CYGFM03                 
1 41891U 16078H   21171.04030457  .00000458  00000-0  25325-4 0  9998
2 41891  34.9557 287.1627 0012199  99.4831 260.7260 15.15527028249944
FENGYUN 3D              
1 43010U 17072A   21169.48148001 -.00000010  00000-0  16129-4 0  9995
2 43010  98.7897 111.3950 0002510  96.1411 264.0045 14.19770693186135
NOAA 20                 
1 43013U 17073A   21171.21467147 -.00000005  00000-0  18147-4 0  9994
2 43013  98.7209 109.8141 0001242  71.1912 288.9399 14.19547187185832
GOES 17                 
1 43226U 18022A   21170.61336743  .00000105  00000-0  00000-0 0  9990
2 43226   0.0587 245.9129 0000391 204.3695 261.3896  1.00272185 12120
FENGYUN 2H              
1 43491U 18050A   21170.95049336 -.00000119  00000-0  00000+0 0  9996
2 43491   0.2527 115.7597 0004056  14.5417 199.2241  1.00275099 11228
METOP-C                 
1 43689U 18087A   21171.43375460 -.00000005  00000-0  17857-4 0  9996
2 43689  98.6854 231.7531 0002784  35.0213 325.1147 14.21498441135874
GEO-KOMPSAT-2A          
1 43823U 18100A   21171.31245750 -.00000337  00000-0  00000+0 0  9992
2 43823   0.0446 195.7528 0000432 152.1118 161.6140  1.00272358  9388
METEOR-M2 2             
1 44387U 19038A   21169.52626788 -.00000042  00000-0  69486-6 0  9996
2 44387  98.6710 129.3435 0000317 188.2892 171.8271 14.23688713101625
