APRIZESAT 2             
1 28366U 04025A   21171.42991714 -.00000002  00000-0  13345-4 0  9998
2 28366  98.2184  52.9366 0107324 343.7990  15.9775 14.36742295889835
SAUDICOMSAT 1           
1 28369U 04025D   21171.34101972  .00000061  00000-0  26273-4 0  9999
2 28369  98.3889 126.9035 0032974 202.4426 157.5329 14.52625979899330
SAUDICOMSAT 2           
1 28370U 04025E   21171.35249822  .00000038  00000-0  22646-4 0  9993
2 28370  98.4810 124.9478 0058322  20.4340 339.9167 14.47550310896269
APRIZESAT 1             
1 28372U 04025G   21171.32125744  .00000008  00000-0  14123-4 0  9996
2 28372  98.4416 125.6062 0045286 299.0047  60.6612 14.49677784897680
NANOSAT-1               
1 28493U 04049B   21171.29878326  .00000072  00000-0  18854-4 0  9999
2 28493  98.1112 267.0836 0004908  27.2772 332.8693 14.73684954886535
SAUDICOMSAT 7           
1 31119U 07012C   21171.29165987  .00000040  00000-0  17438-4 0  9995
2 31119  98.1410 116.6317 0060723 143.9972 216.5343 14.61870067755841
SAUDICOMSAT 6           
1 31121U 07012E   21171.33642393  .00000031  00000-0  16786-4 0  9999
2 31121  98.1880 111.8630 0075315 239.0701 120.3080 14.58665591754221
SAUDICOMSAT 5           
1 31124U 07012H   21171.30315324  .00000050  00000-0  18772-4 0  9998
2 31124  98.1080 118.6711 0052934  95.4851 265.2392 14.63576813756684
SAUDICOMSAT 3           
1 31125U 07012J   21171.32642648  .00000092  00000-0  25785-4 0  9991
2 31125  98.0719 120.7313 0044315  47.7923 312.7029 14.65354676757543
SAUDICOMSAT 4           
1 31127U 07012L   21171.33870943  .00000035  00000-0  16915-4 0  9997
2 31127  98.1659 114.8390 0067676 188.5789 171.4261 14.60383380755081
APRIZESAT 4             
1 35684U 09041D   21171.53558549  .00000077  00000-0  17850-4 0  9995
2 35684  98.3068 167.8644 0048368  72.8225 287.8273 14.79373824641605
APRIZESAT 3             
1 35686U 09041F   21171.16438066  .00000061  00000-0  13320-4 0  9998
2 35686  98.1360 244.3835 0071376 289.6815  69.6709 14.87516487644797
AISSAT 1                
1 36797U 10035C   21171.35901104  .00000179  00000-0  26880-4 0  9991
2 36797  98.2172 337.4522 0009701 267.1541  92.8563 14.86507018592775
S-NET D                 
1 43186U 18014G   21170.69566277  .00000835  00000-0  77357-4 0  9994
2 43186  97.6782  78.2429 0012771  76.6802 283.5844 14.97070817184632
S-NET B                 
1 43187U 18014H   21171.29712940  .00000759  00000-0  70745-4 0  9991
2 43187  97.6779  78.7999 0012774  74.8006 285.4627 14.97071137184721
S-NET A                 
1 43188U 18014J   21171.29718302  .00000764  00000-0  71233-4 0  9999
2 43188  97.6783  78.8449 0012764  74.8571 285.4062 14.97069939184724
S-NET C                 
1 43189U 18014K   21171.29766392  .00000741  00000-0  69185-4 0  9990
2 43189  97.6779  78.7931 0012773  74.7480 285.5153 14.97070046183275
SALSAT                  
1 46495U 20068K   21170.92357033 -.00000306  00000-0 -17860-4 0  9994
2 46495  97.6944 108.4040 0018657  64.0057 296.3090 15.03454152 39703
