BEIDOU G1               
1 36287U 10001A   17279.44642450 -.00000292  00000-0  00000+0 0  9996
2 36287   1.4766   6.9234 0004552 174.2961 134.7943  1.00275759 28324
BEIDOU G3               
1 36590U 10024A   17279.22255350 -.00000364  00000-0  00000+0 0  9993
2 36590   1.4231  28.7188 0006203 310.7514 226.2671  1.00274939 26933
BEIDOU IGSO 1           
1 36828U 10036A   17278.92064694 -.00000160  00000-0  10000-3 0  9994
2 36828  54.1679 192.4086 0061331 229.1260  41.3286  1.00295649 26364
BEIDOU G4               
1 37210U 10057A   17279.46890858 -.00000120  00000-0  00000+0 0  9993
2 37210   0.8821  52.8537 0007086 172.7986 118.5309  1.00272470 25440
BEIDOU IGSO 2           
1 37256U 10068A   17279.44677797 -.00000191  00000-0  10000-3 0  9991
2 37256  52.9773 309.9628 0059751 206.8002 135.9986  1.00250895 24951
BEIDOU IGSO 3           
1 37384U 11013A   17278.87953350 -.00000148  00000-0  10000-3 0  9994
2 37384  57.9698  71.7780 0031916 201.0386 179.6654  1.00284743 23834
BEIDOU IGSO 4           
1 37763U 11038A   17278.92252657 -.00000099  00000-0  10000-3 0  9995
2 37763  54.4752 194.7858 0048881 217.4605  28.1685  1.00291335 22795
BEIDOU IGSO 5           
1 37948U 11073A   17278.95173082 -.00000129  00000-0  10000-3 0  9990
2 37948  53.0599 309.4509 0051908 208.1367 294.8679  1.00269009 21559
BEIDOU G5               
1 38091U 12008A   17279.33170428  .00000048  00000-0  00000+0 0  9997
2 38091   2.3993  57.9028 0003808 208.6965 286.6650  1.00272179 20638
BEIDOU M3               
1 38250U 12018A   17278.69496990 -.00000034  00000-0  10000-3 0  9999
2 38250  56.3141  50.4406 0023616 221.1195 230.4146  1.86234434 37137
BEIDOU M4               
1 38251U 12018B   17279.36936353 -.00000035  00000-0  10000-3 0  9998
2 38251  56.2504  49.8451 0026133 215.7704  15.8238  1.86233750 37142
BEIDOU M6               
1 38775U 12050B   17279.41443525  .00000040  00000-0  00000+0 0  9995
2 38775  54.8509 169.5337 0020109 235.4483 222.4110  1.86233224 34525
BEIDOU G6               
1 38953U 12059A   17278.87893561 -.00000184  00000-0  00000-0 0  9991
2 38953   1.8780  79.9428 0006166 162.9672 172.2793  1.00271404 18194
BEIDOU I1-S             
1 40549U 15019A   17278.58822684 -.00000155  00000-0  00000-0 0  9998
2 40549  54.2897 332.5167 0043133 190.9191 158.6207  1.00271343  9223
BEIDOU-3 M1             
1 40748U 15037A   17278.58249306 -.00000037  00000-0  00000-0 0  9992
2 40748  55.5218  49.7688 0005506 248.3504  86.8239  1.86231404 14959
BEIDOU-3 M2             
1 40749U 15037B   17278.50704156 -.00000037  00000-0  00000-0 0  9994
2 40749  55.5217  49.7584 0005895 272.3802 148.6253  1.86232520 14956
BEIDOU I2-S             
1 40938U 15053A   17279.37155450 -.00000119  00000-0  00000+0 0  9995
2 40938  54.0528 295.4138 0048238 178.4500 131.2462  1.00270449  7511
BEIDOU M3-S             
1 41315U 16006A   17278.39259503  .00000036  00000-0  00000-0 0  9997
2 41315  55.0348 169.8156 0002351 330.9213  29.1498  1.86230607 11434
BEIDOU IGSO 6           
1 41434U 16021A   17279.39772037 -.00000114  00000-0  10000-3 0  9991
2 41434  55.6912  71.1776 0031934 178.3466   4.7373  1.00285185  5649
BEIDOU G7               
1 41586U 16037A   17278.45519238 -.00000259  00000-0  00000-0 0  9990
2 41586   1.0762 323.8554 0003416 268.2607  90.6294  1.00274090  4947
