EYESAT-1 (AO-27)        
1 22825U 93061C   17288.47035753  .00000028  00000-0  28699-4 0  9996
2 22825  98.8281 255.6204 0008197 348.0168  12.0818 14.30009709254325
CUTE-1 (CO-55)          
1 27844U 03031E   17288.25111270  .00000095  00000-0  62720-4 0  9992
2 27844  98.6906 295.5144 0009870   6.9378 353.1934 14.22066733741387
CUBESAT XI-IV (CO-57)   
1 27848U 03031J   17288.49468183  .00000075  00000-0  54238-4 0  9993
2 27848  98.6997 296.0632 0009924  15.8435 344.3051 14.21677692741262
CUBESAT XI 5            
1 28895U 05043F   17288.37495242  .00000254  00000-0  57689-4 0  9996
2 28895  97.8790  85.2328 0018019 121.4222 238.8746 14.63454014638068
CUTE-1.7+APD II (CO-65) 
1 32785U 08021C   17288.48425647  .00000419  00000-0  51240-4 0  9992
2 32785  97.5607 307.2282 0014392 126.1458 234.1093 14.87976618512716
COMPASS-1               
1 32787U 08021E   17288.54565473  .00000775  00000-0  80133-4 0  9991
2 32787  97.5508 316.8880 0014148  96.4418 263.8413 14.92759179513456
AAUSAT-II               
1 32788U 08021F   17288.52707108  .00000753  00000-0  75590-4 0  9990
2 32788  97.5488 319.9191 0013518  88.7609 271.5160 14.94049774513549
DELFI-C3 (DO-64)        
1 32789U 08021G   17288.75991977  .00002693  00000-0  19198-3 0  9991
2 32789  97.5477 344.3957 0013855  56.7878 303.4675 15.05337820515001
CANX-2                  
1 32790U 08021H   17288.48637150  .00000365  00000-0  45648-4 0  9997
2 32790  97.5594 305.5282 0015037 127.8994 232.3585 14.87694404512646
SEEDS II (CO-66)        
1 32791U 08021J   17288.49750919  .00000634  00000-0  70470-4 0  9998
2 32791  97.5556 311.9689 0014918 111.2071 249.0743 14.90347327512988
SWISSCUBE               
1 35932U 09051B   17288.32692076  .00000224  00000-0  61752-4 0  9991
2 35932  98.5131  69.1039 0006740 236.8861 123.1689 14.56067739427809
BEESAT                  
1 35933U 09051C   17288.37232383  .00000194  00000-0  54924-4 0  9997
2 35933  98.5169  70.5388 0004781 250.8485 109.2195 14.56181221427838
ITUPSAT 1               
1 35935U 09051E   17288.35837249  .00000179  00000-0  52280-4 0  9995
2 35935  98.5281  70.7794 0007148 245.6823 114.3627 14.55369630427711
TISAT 1                 
1 36799U 10035E   17288.58341372  .00000750  00000-0  82719-4 0  9995
2 36799  98.0764  53.8608 0011153 293.7979  66.2068 14.90547187393512
M-CUBED & EXP-1 PRIME   
1 37855U 11061F   17288.80080524  .00002799  00000-0  15181-3 0  9996
2 37855 101.7067 221.4731 0179737  85.0791 277.0913 15.03490988324911
HORYU 2                 
1 38340U 12025D   17288.46778473  .00000353  00000-0  60043-4 0  9998
2 38340  98.3783 296.6439 0010358 269.6410  90.3611 14.75419800280618
STRAND-1                
1 39090U 13009E   17288.79012186  .00000069  00000-0  39611-4 0  9993
2 39090  98.5422 133.0360 0008350 307.6670  52.3757 14.34988799242777
BRITE-AUSTRIA           
1 39091U 13009F   17288.45080436  .00000026  00000-0  24362-4 0  9990
2 39091  98.5388 132.0493 0009741 316.3521  43.6893 14.35044495242740
UNIBRITE                
1 39092U 13009G   17288.80932608  .00000040  00000-0  29560-4 0  9998
2 39092  98.5399 132.0835 0008514 308.5578  51.4843 14.34919049242775
AIST-2                  
1 39133U 13015D   17288.89533860  .00000425  00000-0  42572-4 0  9992
2 39133  64.8726 264.0583 0037885 261.7687  97.9135 15.04390308246458
SOMP                    
1 39134U 13015E   17288.58130148  .00002763  00000-0  14153-3 0  9991
2 39134  64.8667 197.7119 0036720 245.5430 114.1864 15.18318652247373
BEESAT-3                
1 39135U 13015F   17288.54322037  .00002336  00000-0  12971-3 0  9990
2 39135  64.8704 208.1023 0032968 265.6545  94.0813 15.15988647247168
BEESAT-2                
1 39136U 13015G   17288.56116072  .00002373  00000-0  13344-3 0  9999
2 39136  64.8712 210.1882 0033159 266.4845  93.2488 15.15489376247129
NEE-01 PEGASUS          
1 39151U 13018B   17288.73664346  .00000285  00000-0  44783-4 0  9992
2 39151  97.9824  19.4914 0017578  24.6412 335.5636 14.79786223241361
CUBEBUG-1 (CAPITAN BETO)
1 39153U 13018D   17288.68874697  .00000355  00000-0  53551-4 0  9991
2 39153  97.9851  20.3436 0017439  22.8483 337.3501 14.80258185241417
ESTCUBE 1               
1 39161U 13021C   17288.72603510  .00000411  00000-0  73404-4 0  9995
2 39161  98.0235  13.1350 0011316 117.1196 243.1189 14.71959574238485
POPACS 1                
1 39268U 13055D   17288.58231991  .00005347  00000-0  15442-3 0  9994
2 39268  81.0032 242.4385 0645322 226.1808 128.4283 14.32191251207940
POPACS 2                
1 39269U 13055E   17288.24614516  .00004101  00000-0  12249-3 0  9995
2 39269  81.0148 259.8701 0695948 271.7516  80.4137 14.20842248208340
POPACS 3                
1 39270U 13055F   17288.38864103  .00003571  00000-0  11447-3 0  9990
2 39270  81.0163 269.1194 0721861 299.6899  53.4280 14.13825302187053
FIREFLY                 
1 39404U 13064AA  17288.32771129  .00392501  71648-4  70220-3 0  9996
2 39404  40.4884 255.5862 0010334 209.8072 150.2177 16.00733403220310
ZACUBE-1 (TSHEPISOSAT)  
1 39417U 13066B   17288.57887294  .00000374  00000-0  53852-4 0  9997
2 39417  97.6176 324.9077 0058068 235.2265 124.3474 14.80792024210595
WNISAT-1                
1 39423U 13066H   17288.86417078  .00000392  00000-0  86699-4 0  9990
2 39423  97.6960 267.3208 0177037  61.1904 300.6975 14.52881962206750
TRITON-1                
1 39427U 13066M   17288.46821134  .00000400  00000-0  72241-4 0  9990
2 39427  97.6373 295.7613 0113379 324.0724  35.2895 14.67536771208684
GOMX 1                  
1 39430U 13066Q   17288.74636931  .00000439  00000-0  88504-4 0  9995
2 39430  97.6734 278.6411 0152449  22.8294 337.9590 14.58943676207512
BRITE-PL                
1 39431U 13066R   17288.38168676  .00000161  00000-0  43906-4 0  9991
2 39431  97.7218 255.5663 0203941 103.6024 258.7974 14.46875390205638
HUMSAT-D                
1 39433U 13066T   17288.61067261  .00000711  00000-0  75781-4 0  9994
2 39433  97.6397 348.0973 0031388 174.0260 186.1340 14.91592682210780
EAGLE 2                 
1 39436U 13066W   17288.26935720  .00051343  00000-0  10812-2 0  9991
2 39436  97.7124  40.6410 0007442   6.1645 353.9692 15.45083204215132
CUBEBUG-2 (LO-74)       
1 39440U 13066AA  17288.27852341  .00000363  00000-0  57932-4 0  9996
2 39440  97.6204 312.8768 0079188 270.7088  88.5049 14.75532332208605
NEE-02 KRYSAOR          
1 39441U 13066AB  17288.01515573  .00000256  00000-0  43831-4 0  9996
2 39441  97.6186 311.1622 0080577 275.7055  83.4971 14.74677266209647
FUNCUBE-1 (AO-73)       
1 39444U 13066AE  17288.36333670  .00000486  00000-0  66816-4 0  9996
2 39444  97.6191 325.9119 0057293 232.1785 127.4235 14.81541788209409
UWE-3                   
1 39446U 13066AG  17288.51759134  .00000359  00000-0  54735-4 0  9998
2 39446  97.6177 318.6551 0068967 253.0745 106.2899 14.78064855208380
BRITE-TORONTO           
1 40020U 14033L   17288.88002253  .00000149  00000-0  34154-4 0  9996
2 40020  97.8166 154.1232 0086452 303.5440  55.7529 14.66431615177776
DUCHIFAT-1              
1 40021U 14033M   17288.24188782  .00000906  00000-0  99662-4 0  9995
2 40021  97.9131 201.5501 0011574 266.6988  93.2905 14.90043611180473
FLOCK 1C-10             
1 40023U 14033P   17288.70358137  .00001431  00000-0  15825-3 0  9993
2 40023  97.9126 200.9303 0011724 273.0649  86.9206 14.88922732180431
NANOSATC-BR1            
1 40024U 14033Q   17288.23179992  .00000725  00000-0  82363-4 0  9999
2 40024  97.9084 200.2334 0010857 268.2231  91.7742 14.89346979179892
QB50P1                  
1 40025U 14033R   17288.34338806  .00000543  00000-0  64450-4 0  9998
2 40025  97.9059 199.2033 0011069 271.2935  88.7013 14.88529196179855
FLOCK 1C-7              
1 40026U 14033S   17288.39221622  .00002290  00000-0  24523-3 0  9998
2 40026  97.9203 201.5057 0009847 270.7436  89.2635 14.89663257180442
FLOCK 1C-1              
1 40027U 14033T   17288.73373291  .00001573  00000-0  17316-3 0  9992
2 40027  97.9193 201.2256 0011402 270.2285  89.7628 14.88988441180458
POPSAT-HIP-1            
1 40028U 14033U   17288.78894871  .00001441  00000-0  16138-3 0  9995
2 40028  97.9094 199.9574 0012263 268.0562  91.9232 14.88397045180410
FLOCK 1C-2              
1 40029U 14033V   17288.55965879  .00001239  00000-0  13759-3 0  9999
2 40029  97.9152 200.8956 0012595 268.7162  91.2640 14.89003206180424
FLOCK 1C-4              
1 40031U 14033X   17288.18497107  .00001928  00000-0  21154-3 0  9998
2 40031  97.9187 200.4816 0012996 267.2893  92.6860 14.88850890180344
QB50P2                  
1 40032U 14033Y   17288.56111610  .00000530  00000-0  63718-4 0  9994
2 40032  97.9026 198.4123 0010466 265.0622  94.9400 14.88082389179826
FLOCK 1C-11             
1 40033U 14033Z   17288.59349519  .00002044  00000-0  21607-3 0  9991
2 40033  97.9216 202.5911 0010794 257.8153 102.1902 14.90303459180527
ANTELSAT                
1 40034U 14033AA  17288.59562074  .00000375  00000-0  63722-4 0  9995
2 40034  97.8408 168.6843 0057578 265.7103  93.7525 14.73778744178123
FLOCK 1C-9              
1 40035U 14033AB  17288.81266023  .00000923  00000-0  10391-3 0  9998
2 40035  97.9147 201.5646 0010573 258.9335 101.0674 14.89058731180459
FLOCK 1C-6              
1 40036U 14033AC  17288.69071065  .00001091  00000-0  12146-3 0  9992
2 40036  97.9174 201.6864 0010796 259.9115 100.0875 14.89162603180453
PERSEUS-M2              
1 40037U 14033AD  17288.50353392  .00000196  00000-0  28581-4 0  9995
2 40037  97.9038 196.6024 0012998 272.1671  87.8056 14.86274534179684
FLOCK 1C-5              
1 40038U 14033AE  17288.69931651  .00001126  00000-0  12517-3 0  9991
2 40038  97.9158 201.4757 0012957 259.6011 100.3755 14.89137085180444
PERSEUS-M1              
1 40039U 14033AF  17288.33169468  .00000223  00000-0  31863-4 0  9995
2 40039  97.9043 195.9336 0012846 268.5991  91.3752 14.85898110179602
FLOCK 1C-8              
1 40040U 14033AG  17288.73389905  .00001506  00000-0  15762-3 0  9995
2 40040  97.9238 204.0262 0011307 243.3259 116.6752 14.91100800180599
FLOCK 1C-3              
1 40041U 14033AH  17288.21485190  .00000352  00000-0  43582-4 0  9992
2 40041  97.9162 200.7332 0011690 258.0994 101.8931 14.88840014180343
POLYITAN-1              
1 40042U 14033AJ  17288.61437914  .00000625  00000-0  73814-4 0  9992
2 40042  97.9132 199.5003 0013294 257.4881 102.4849 14.88177502179822
TIGRISAT                
1 40043U 14033AK  17288.60111070  .00000248  00000-0  44405-4 0  9999
2 40043  97.8386 169.3492 0058730 266.8196  92.6292 14.74036947178572
LEMUR-1                 
1 40044U 14033AL  17288.12140210  .00000281  00000-0  49595-4 0  9997
2 40044  97.8385 168.5946 0057907 269.6358  89.8216 14.73862239178487
AEROCUBE 6A             
1 40045U 14033AM  17288.62686076  .00000566  00000-0  89817-4 0  9995
2 40045  97.8519 170.8634 0056861 262.1039  97.3714 14.74937064178239
AEROCUBE 6B             
1 40046U 14033AN  17288.62680685  .00000547  00000-0  87095-4 0  9991
2 40046  97.8505 170.7850 0055957 261.3266  98.1602 14.74938851178232
UKUBE-1                 
1 40074U 14037F   17288.82028094  .00000431  00000-0  59344-4 0  9996
2 40074  98.3595  49.2505 0005040  41.1252 319.0336 14.83611925177061
BRITE-PL 2              
1 40119U 14049B   17288.49065955  .00000265  00000-0  38161-4 0  9998
2 40119  97.9321  13.7330 0018698  59.5127 300.7930 14.84196112170913
FIREBIRD 4              
1 40378U 15003C   17288.81477452  .00003492  00000-0  14895-3 0  9993
2 40378  99.1159 136.9192 0134020 322.8245  36.3758 15.16071277149288
GRIFEX                  
1 40379U 15003D   17288.53629384  .00002491  00000-0  11414-3 0  9998
2 40379  99.1193 133.8525 0140430 332.8824  26.5114 15.13462796149081
EXOCUBE                 
1 40380U 15003E   17288.51067121  .00001919  00000-0  92272-4 0  9999
2 40380  99.1241 132.3031 0144414 337.8927  21.6110 15.11866749148960
DEORBITSAIL             
1 40719U 15032E   17288.51050020  .00000676  00000-0  10498-3 0  9995
2 40719  97.9654 180.6748 0017590 113.3279 246.9784 14.76190460122075
TIANWANG 1C (TW-1C)     
1 40926U 15051B   17288.83375391  .00015701  00000-0  33495-3 0  9999
2 40926  97.2192 327.5262 0013240  91.0228 323.6933 15.44879581115538
TIANWANG 1B (TW-1B)     
1 40927U 15051C   17288.87100041  .00015310  00000-0  33952-3 0  9996
2 40927  97.2276 327.5249 0013197 101.6599   4.3437 15.43737201115473
TIANWANG 1A (TW-1A)     
1 40928U 15051D   17288.83370663  .00007289  00000-0  20227-3 0  9999
2 40928  97.2170 322.4726 0014063 119.1226   1.0070 15.37108212115222
LEMUR-2-JOEL            
1 40932U 15052C   17288.23939300  .00001236  00000-0  80575-4 0  9997
2 40932   6.0136  90.5496 0014251 163.0050 197.0261 14.77553468110791
LEMUR-2-CHRIS           
1 40933U 15052D   17288.09514256  .00001071  00000-0  57743-4 0  9999
2 40933   6.0020  90.2567 0014056 164.9493 195.1399 14.77695630110782
LEMUR-2-JEROEN          
1 40934U 15052E   17288.05194126  .00000570  00000-0 -97190-5 0  9991
2 40934   6.0064  96.6352 0010366 146.4338 213.6491 14.77061328110696
LEMUR-2-PETER           
1 40935U 15052F   17288.09030015  .00001056  00000-0  58197-4 0  9994
2 40935   6.0020  98.1060 0009243 141.2880 218.7814 14.76816750110690
EXACTVIEW 9             
1 40936U 15052G   17288.73959888  .00000451  00000-0 -25884-4 0  9990
2 40936   6.0018  96.4023 0009762 143.2101 216.8688 14.76303721110789
ATHENOXAT 1             
1 41168U 15077C   17288.57243056  .00003830  00000-0  17777-3 0  9994
2 41168  14.9883   9.7136 0011748 245.9831 319.9378 15.12036309101286
GALASSIA                
1 41170U 15077E   17288.54841357  .00003228  00000-0  14171-3 0  9998
2 41170  14.9899   5.6118 0013343 264.0982  95.7818 15.12488511101322
VELOX 2                 
1 41171U 15077F   17288.50636303  .00002461  00000-0  10693-3 0  9991
2 41171  14.9921  20.9883 0009045 215.4111 144.5609 15.10168940101180
AGGIESAT 4              
1 41313U 98067HP  17287.96659368  .00069678  00000-0  33028-3 0  9994
2 41313  51.6371 104.7866 0003835 245.3692 114.6911 15.82308104 97831
HORYU-IV                
1 41340U 16012D   17288.58047006  .00000989  00000-0  69372-4 0  9995
2 41340  31.0057  63.1945 0014059 188.4442 171.5958 15.00748101 91113
OUFTI-1                 
1 41458U 16025C   17288.57887858  .00003138  00000-0  17046-3 0  9994
2 41458  98.1750 333.0197 0170701 246.8417 111.4748 15.03741445 80679
E-ST@R-II               
1 41459U 16025D   17288.54730593  .00003654  00000-0  19725-3 0  9994
2 41459  98.1705 332.9073 0172864 247.3328 110.9556 15.03531593 80650
AAUSAT 4                
1 41460U 16025E   17288.79972496  .00004853  00000-0  25981-3 0  9996
2 41460  98.1680 333.3651 0164514 244.1392 114.2733 15.04634520 80727
DIWATA-1                
1 41463U 98067HT  17288.72332008  .00016211  00000-0  16829-3 0  9999
2 41463  51.6416 136.1192 0001099 178.4710 301.2363 15.64802605 83650
NODES 2                 
1 41477U 98067HX  17262.38431888  .17021661  12538-4  46079-3 0  9990
2 41477  51.6074 225.8859 0003017 249.6794 110.5489 16.45625800 77086
NODES 1                 
1 41478U 98067HY  17266.27255257  .13534231  12598-4  22876-3 0  9990
2 41478  51.6086 206.1528 0005980 262.1280  97.9071 16.47641774 77698
FLOCK 2E'-1             
1 41479U 98067HZ  17288.57963775  .00055340  00000-0  34900-3 0  9996
2 41479  51.6372 120.0969 0001433 209.0390 190.7839 15.76089930 80791
FLOCK 2E'-3             
1 41480U 98067JA  17288.62020357  .00035522  00000-0  23329-3 0  9997
2 41480  51.6298 119.7194 0001057 206.1970 153.8976 15.75361405 80790
FLOCK 2E'-2             
1 41481U 98067JB  17288.74232343  .00221090  00000-0  11177-2 0  9995
2 41481  51.6331 116.5569 0005294 217.6121 208.2805 15.80377834 80832
FLOCK 2E'-4             
1 41482U 98067JC  17288.71674689  .00315806  00000-0  11401-2 0  9995
2 41482  51.6230 112.7096 0005704 261.5602  98.4756 15.87227381 80889
FLOCK 2E-1              
1 41483U 98067JD  17288.62073647  .00028824  00000-0  20872-3 0  9997
2 41483  51.6339 122.0506 0002222 169.5990 190.5055 15.73201404 80620
FLOCK 2E-2              
1 41484U 98067JE  17288.65109312  .00037371  00000-0  23747-3 0  9991
2 41484  51.6321 118.5103 0002824 197.3349 162.7555 15.76090137 80673
FLOCK 2E-3              
1 41486U 98067JG  17288.67039737  .00031749  00000-0  21748-3 0  9990
2 41486  51.6319 123.1104 0003044 204.9320 155.1532 15.74443264 80632
FLOCK 2E-4              
1 41487U 98067JH  17288.60647442  .00029284  00000-0  21103-3 0  9998
2 41487  51.6330 121.9159 0003408 203.9024 156.1817 15.73302360 80644
FLOCK 2E-6              
1 41563U 98067JM  17288.41240311  .00076682  00000-0  56790-3 0  9990
2 41563  51.6325 126.6270 0001557 258.6317 101.4507 15.72226269 78631
FLOCK 2E-5              
1 41564U 98067JN  17288.62442890  .00026216  00000-0  20882-3 0  9991
2 41564  51.6332 125.8043 0000832 248.1727 111.9183 15.70993571 78656
FLOCK 2E-7              
1 41565U 98067JP  17288.58330555  .00042467  00000-0  26684-3 0  9993
2 41565  51.6290 118.6958 0004204 222.6175 137.4499 15.76279865 78647
FLOCK 2E'-5             
1 41567U 98067JR  17288.62582357  .00023380  00000-0  19543-3 0  9998
2 41567  51.6342 128.0970 0004203 222.2310 137.8364 15.69896660 78490
FLOCK 2E'-6             
1 41568U 98067JS  17288.12245424  .00032325  00000-0  23860-3 0  9991
2 41568  51.6334 126.1590 0003855 221.5044 138.5663 15.72680778 78504
FLOCK 2E'-8             
1 41569U 98067JT  17288.71796593  .00052681  00000-0  32119-3 0  9999
2 41569  51.6334 117.3454 0002528 201.7760 158.3133 15.76876953 78550
FLOCK 2E'-7             
1 41570U 98067JU  17276.23066052  .07821693  11956-4  21580-2 0  9994
2 41570  51.6314 172.6072 0011089 233.3572 126.6600 16.26996484 76726
FLOCK 2E-9              
1 41571U 98067JV  17288.64251977  .00055929  00000-0  32141-3 0  9999
2 41571  51.6338 116.1059 0003055 216.7796 143.2996 15.78181463 78542
FLOCK 2E-10             
1 41572U 98067JW  17287.94356532  .00049754  00000-0  32429-3 0  9993
2 41572  51.6340 123.4658 0004295 216.8953 143.1751 15.75371024 78386
FLOCK 2E-12             
1 41573U 98067JX  17288.62197353  .00045744  00000-0  27712-3 0  9998
2 41573  51.6333 118.2126 0004116 226.7394 133.3263 15.77076220 78518
FLOCK 2E-11             
1 41574U 98067JY  17288.54583754  .00043464  00000-0  26517-3 0  9993
2 41574  51.6265 117.6343 0004698 239.4302 120.6235 15.76936436 78513
FLOCK 2E'-9             
1 41575U 98067JZ  17288.56371559  .00054091  00000-0  29852-3 0  9997
2 41575  51.6300 115.4686 0004917 242.7340 117.3161 15.79086893 78532
FLOCK 2E'-10            
1 41576U 98067KA  17288.65424182  .00050534  00000-0  29428-3 0  9996
2 41576  51.6332 117.7125 0004602 244.1692 115.8835 15.77920032 78416
FLOCK 2E'-11            
1 41577U 98067KB  17288.56926321  .00040067  00000-0  25561-3 0  9993
2 41577  51.6344 119.4170 0004567 220.2953 139.7709 15.75958839 78200
FLOCK 2E'-12            
1 41578U 98067KC  17288.55145124  .00056535  00000-0  31002-3 0  9991
2 41578  51.6285 116.9171 0005675 225.8322 134.2214 15.79204785 78232
FLOCK 2P-6              
1 41606U 16040H   17288.63605983  .00005912  00000-0  25404-3 0  9999
2 41606  97.4475 350.3634 0011062  21.7030 338.4673 15.22999204 73032
FLOCK 2P-11             
1 41608U 16040K   17288.24576988  .00005639  00000-0  24230-3 0  9992
2 41608  97.4470 349.9432 0010984  22.9969 337.1757 15.23024225 72913
FLOCK 2P-2              
1 41609U 16040L   17288.65796003  .00007432  00000-0  31837-3 0  9994
2 41609  97.4475 350.3422 0010920  21.5180 338.6514 15.23016206 72955
FLOCK 2P-9              
1 41610U 16040M   17288.80047595  .00006713  00000-0  28800-3 0  9995
2 41610  97.4472 350.4399 0011236  20.9898 339.1797 15.22999259 72853
FLOCK 2P-4              
1 41611U 16040N   17288.82773266  .00004857  00000-0  20926-3 0  9997
2 41611  97.4498 350.7106 0011588  29.5302 330.6587 15.22999322 73020
FLOCK 2P-10             
1 41612U 16040P   17288.80575001  .00005095  00000-0  21934-3 0  9998
2 41612  97.4505 350.7692 0011359  29.8040 330.3841 15.22998574 73026
FLOCK 2P-8              
1 41613U 16040Q   17288.62508956  .00003047  00000-0  13248-3 0  9998
2 41613  97.4498 350.5278 0011505  29.6069 330.5817 15.22985991 72997
FLOCK 2P-12             
1 41614U 16040R   17288.65243631  .00006061  00000-0  26035-3 0  9995
2 41614  97.4510 350.7056 0011223  30.1007 330.0873 15.22997219 73001
FLOCK 2P-7              
1 41615U 16040S   17288.88226039  .00002251  00000-0  98609-4 0  9998
2 41615  97.4495 350.7792 0011284  29.3703 330.8166 15.23009406 73030
FLOCK 2P-5              
1 41616U 16040T   17288.86058310  .00007351  00000-0  31491-3 0  9993
2 41616  97.4511 350.8860 0011172  28.6337 331.5511 15.23014857 73014
FLOCK 2P-1              
1 41617U 16040U   17288.65174565  .00006180  00000-0  26533-3 0  9992
2 41617  97.4514 350.7091 0010894  30.0864 330.0996 15.23012407 73004
FLOCK 2P-3              
1 41618U 16040V   17288.48270038  .00004072  00000-0  17595-3 0  9992
2 41618  97.4511 350.4671 0011120  30.6266 329.5617 15.23001658 72972
BEESAT-4                
1 41619U 16040W   17288.25800116  .00003167  00000-0  14458-3 0  9993
2 41619  97.4500 349.4329 0012127  16.5579 343.6050 15.21270353 60846
3CAT-2                  
1 41732U 16051B   17288.77959606  .00003051  00000-0  12371-3 0  9991
2 41732  97.3724 203.9743 0012836 201.1168 232.2972 15.25324387 64915
FLOCK 2E'-13            
1 41761U 98067KH  17288.62576957  .00016860  00000-0  18202-3 0  9999
2 41761  51.6364 143.1964 0005092 358.4255   1.6723 15.63759962 61731
FLOCK 2E'-14            
1 41762U 98067KJ  17288.71898751  .00017626  00000-0  18702-3 0  9995
2 41762  51.6374 142.3560 0004552 359.7377   0.3614 15.64168035 61758
FLOCK 2E'-16            
1 41763U 98067KK  17288.84160850  .00019218  00000-0  19810-3 0  9992
2 41763  51.6377 140.9221 0004067  15.4726 344.6393 15.64837911 61748
FLOCK 2E'-15            
1 41764U 98067KL  17288.83680149  .00017081  00000-0  18530-3 0  9994
2 41764  51.6373 142.3870 0004757   8.0452 352.0618 15.63626988 61721
FLOCK 2E'-18            
1 41769U 98067KM  17288.69093541  .00016048  00000-0  17412-3 0  9997
2 41769  51.6374 142.9059 0004056  36.0415 324.0852 15.63679602 61702
FLOCK 2E'-17            
1 41776U 98067KN  17288.61216836  .00017467  00000-0  18755-3 0  9998
2 41776  51.6382 143.1588 0004257  36.3056 323.8227 15.63873208 61684
FLOCK 2E'-19            
1 41777U 98067KP  17288.62558147  .00024197  00000-0  22109-3 0  9990
2 41777  51.6354 137.9207 0002791  39.7149 320.4051 15.67698430 61712
FLOCK 2E'-20            
1 41782U 98067KQ  17288.75543754  .00024581  00000-0  23436-3 0  9999
2 41782  51.6367 138.8329 0002903  38.8630 321.2574 15.66632014 61586
CANX-7                  
1 41788U 16059F   17288.73891418  .00011676  00000-0  21129-2 0  9994
2 41788  98.1866 349.8998 0036320 151.7347 208.5991 14.66072605 56248
ALSAT 1N                
1 41789U 16059G   17288.84438863  .00000127  00000-0  33230-4 0  9995
2 41789  98.1534 349.6215 0029570 133.8360 226.5255 14.64087300 56267
RAVAN                   
1 41849U 16067B   17288.46409077  .00001154  00000-0  10483-3 0  9999
2 41849  97.9426   8.4956 0007149 257.5762 102.4660 14.97277016 50505
CELTEE 1                
1 41850U 16067C   17288.47679442  .00000068  00000-0  11313-4 0  9994
2 41850  97.9410   8.3137 0007683 256.7783 103.2581 14.96649481 50494
OPTICUBE 04             
1 41851U 16067D   17288.22128925  .00000288  00000-0  30658-4 0  9990
2 41851  97.9406   8.0247 0007738 258.1516 101.8837 14.96551367 50459
AEROCUBE 8D             
1 41852U 16067E   17288.29093308  .00000623  00000-0  60459-4 0  9999
2 41852  97.9419   7.9778 0008482 257.0739 102.9534 14.96303687 50459
AEROCUBE 8C             
1 41853U 16067F   17288.16546990  .00000932  00000-0  87860-4 0  9994
2 41853  97.9421   7.8293 0008697 258.5258 101.4986 14.96268548 50433
PROMETHEUS 2-1          
1 41854U 16067G   17288.51625802  .00001178  00000-0  10960-3 0  9993
2 41854  97.9431   8.1551 0008888 257.7018 102.3207 14.96280918 50489
PROMETHEUS 2-3          
1 41855U 16067H   17288.51825624  .00001089  00000-0  10172-3 0  9994
2 41855  97.9433   8.1571 0009063 258.2887 101.7317 14.96274819 50488
LEMUR-2-XIAOQING        
1 41871U 16062C   17288.88883972  .00004785  00000-0  21443-3 0  9996
2 41871  51.6364 233.4279 0004621 312.4050  86.1726 15.23026590 49338
LEMUR-2-SOKOLSKY        
1 41872U 16062D   17288.87212913  .00005459  00000-0  24180-3 0  9997
2 41872  51.6693 233.3193 0004608 326.3339  68.2700 15.23144596 49326
LEMUR-2-ANUBHAVTHAKUR   
1 41873U 16062E   17288.37136541  .00003342  00000-0  15917-3 0  9992
2 41873  51.6439 237.1097 0004876 322.6467 178.6726 15.21877712 49211
LEMUR-2-WINGO           
1 41874U 16062F   17288.85816409  .00005312  00000-0  23888-3 0  9999
2 41874  51.6348 233.8249 0004719 290.1419 100.5106 15.22676752 49314
STARS-C                 
1 41895U 98067KR  17288.18802352  .00068103  00000-0  53212-3 0  9996
2 41895  51.6343 145.5074 0002018 106.5398 253.5821 15.71000672 46780
TANCREDO-1              
1 41931U 98067KT  17288.89132735  .02343006  75629-2  17943-2 0  9997
2 41931  51.6219 127.4715 0008324 270.4709  89.5195 16.16126421 42651
ITF-2                   
1 41932U 98067KU  17288.63165404  .00025439  00000-0  27307-3 0  9999
2 41932  51.6389 148.5428 0003364   6.9481 353.1560 15.63614099 42350
WASEDA-SAT3             
1 41933U 98067KV  17288.60803335  .00030552  00000-0  31000-3 0  9996
2 41933  51.6369 147.5977 0002969   9.5660 350.5392 15.64940780 42360
AOBA-VELOX 3            
1 41935U 98067KX  17288.07176221  .00034661  00000-0  35803-3 0  9996
2 41935  51.6385 150.7932 0002694  11.4418 348.6638 15.64423128 42379
OSNSAT                  
1 41939U 98067KZ  17287.96865691  .00114213  00000-0  73138-3 0  9998
2 41939  51.6347 143.2676 0001216 329.0030  31.0897 15.75444732 41713
FLOCK 3P-8              
1 41951U 17008D   17288.55540417  .00002393  00000-0  10381-3 0  9996
2 41951  97.4834 349.5098 0009853 125.5539 234.6618 15.23297315 36850
FLOCK 3P-51             
1 41952U 17008E   17288.78853012  .00007350  00000-0  31223-3 0  9996
2 41952  97.4842 349.8306 0009524 140.6394 219.5536 15.23319729 36885
FLOCK 3P-37             
1 41953U 17008F   17288.79885269  .00005355  00000-0  22550-3 0  9993
2 41953  97.4841 349.9614 0008726 144.5679 215.6139 15.23754477 36890
INS-1B                  
1 41954U 17008G   17288.85265792  .00002987  00000-0  13293-3 0  9996
2 41954  97.4810 349.5050 0011063 125.1738 235.0535 15.22208947 36820
FLOCK 3P-19             
1 41955U 17008H   17288.57070677  .00007137  00000-0  30299-3 0  9999
2 41955  97.4832 349.4765 0010710 125.6327 234.5909 15.23341194 36770
FLOCK 3P-24             
1 41956U 17008J   17288.76459853  .00005808  00000-0  24708-3 0  9999
2 41956  97.4831 349.6761 0010589 122.9106 237.3151 15.23354274 36882
FLOCK 3P-18             
1 41957U 17008K   17288.76526376  .00005087  00000-0  21680-3 0  9990
2 41957  97.4829 349.6789 0010626 124.2463 235.9782 15.23353020 36728
FLOCK 3P-22             
1 41958U 17008L   17288.57458862  .00002492  00000-0  10785-3 0  9995
2 41958  97.4830 349.4764 0010401 125.0551 235.1663 15.23328262 36685
FLOCK 3P-21             
1 41959U 17008M   17288.82619404  .00005116  00000-0  21844-3 0  9999
2 41959  97.4839 349.7671 0010259 125.7825 234.4367 15.23289924 36737
FLOCK 3P-28             
1 41960U 17008N   17288.56170976  .00002720  00000-0  11759-3 0  9990
2 41960  97.4834 349.5021 0010158 124.9914 235.2278 15.23289726 36773
FLOCK 3P-26             
1 41961U 17008P   17288.57020988  .00006900  00000-0  29299-3 0  9991
2 41961  97.4836 349.4883 0010388 124.2169 236.0054 15.23349142 36692
FLOCK 3P-17             
1 41962U 17008Q   17288.55123636  .00002534  00000-0  10983-3 0  9993
2 41962  97.4834 349.5148 0010141 126.8002 233.4167 15.23275862 36645
FLOCK 3P-27             
1 41963U 17008R   17288.57895402  .00003099  00000-0  13344-3 0  9994
2 41963  97.4834 349.4793 0010549 124.9444 235.2785 15.23313174 36692
FLOCK 3P-25             
1 41964U 17008S   17288.56434223  .00005186  00000-0  22137-3 0  9993
2 41964  97.4833 349.4923 0010134 124.9706 235.2484 15.23298740 36673
FLOCK 3P-4              
1 41965U 17008T   17288.55867233  .00002466  00000-0  10693-3 0  9996
2 41965  97.4834 349.5081 0010026 126.0732 234.1435 15.23285375 36778
FLOCK 3P-2              
1 41966U 17008U   17288.82238311  .00002444  00000-0  10598-3 0  9996
2 41966  97.4836 349.7739 0009955 123.8142 236.4044 15.23296523 36736
FLOCK 3P-1              
1 41967U 17008V   17288.84113807  .00005145  00000-0  22112-3 0  9997
2 41967  97.4840 349.7538 0010064 125.6221 234.5955 15.23067188 36733
FLOCK 3P-3              
1 41968U 17008W   17288.75950213  .00003830  00000-0  16437-3 0  9990
2 41968  97.4834 349.6978 0010042 124.4538 235.7649 15.23286880 36801
FLOCK 3P-6              
1 41969U 17008X   17288.81985297  .00004602  00000-0  19676-3 0  9994
2 41969  97.4839 349.7779 0009858 123.7294 236.4884 15.23307969 36723
FLOCK 3P-7              
1 41970U 17008Y   17288.60456263  .00004327  00000-0  18517-3 0  9996
2 41970  97.4839 349.6072 0009898 127.0620 233.1523 15.23309444 36706
FLOCK 3P-5              
1 41971U 17008Z   17288.55419090  .00002594  00000-0  11238-3 0  9995
2 41971  97.4839 349.5260 0009867 127.1362 233.0778 15.23270812 36623
FLOCK 3P-12             
1 41972U 17008AA  17288.55283653  .00004971  00000-0  21245-3 0  9990
2 41972  97.4840 349.5261 0009696 127.2105 233.0018 15.23281843 36772
FLOCK 3P-9              
1 41973U 17008AB  17288.75322325  .00002398  00000-0  10409-3 0  9994
2 41973  97.4839 349.7224 0009875 124.8504 235.3663 15.23280665 36803
FLOCK 3P-10             
1 41974U 17008AC  17288.54549819  .00002488  00000-0  10767-3 0  9998
2 41974  97.4841 349.5432 0009670 126.8517 233.3608 15.23343593 36666
FLOCK 3P-11             
1 41975U 17008AD  17288.82066363  .00002351  00000-0  10195-3 0  9992
2 41975  97.4839 349.7854 0009970 125.1852 235.0320 15.23321162 36580
FLOCK 3P-60             
1 41976U 17008AE  17288.53421145  .00006982  00000-0  29668-3 0  9993
2 41976  97.4844 349.5599 0009548 127.7985 232.4117 15.23330707 36026
FLOCK 3P-58             
1 41977U 17008AF  17288.81593528  .00002415  00000-0  10491-3 0  9991
2 41977  97.4839 349.7896 0009659 125.9852 234.2282 15.23249291 36894
FLOCK 3P-57             
1 41978U 17008AG  17288.61223930  .00002644  00000-0  11429-3 0  9993
2 41978  97.4840 349.6028 0009736 125.6001 234.6145 15.23326415 36708
FLOCK 3P-75             
1 41979U 17008AH  17288.61106339  .00004071  00000-0  17443-3 0  9995
2 41979  97.4862 349.6788 0009907 128.3574 231.8554 15.23299610 36856
FLOCK 3P-70             
1 41980U 17008AJ  17288.60989843  .00005106  00000-0  21770-3 0  9993
2 41980  97.4863 349.6826 0009843 127.8153 232.3977 15.23346509 36707
FLOCK 3P-73             
1 41981U 17008AK  17288.55221134  .00003638  00000-0  15622-3 0  9997
2 41981  97.4863 349.6074 0010095 129.0994 231.1142 15.23302417 36825
FLOCK 3P-88             
1 41982U 17008AL  17288.60687540  .00003619  00000-0  15547-3 0  9996
2 41982  97.4861 349.6782 0009923 128.2437 231.9695 15.23286335 35809
FLOCK 3P-85             
1 41983U 17008AM  17288.59405728  .00007044  00000-0  29919-3 0  9995
2 41983  97.4864 349.7012 0009819 131.3884 228.8198 15.23338447 36700
FLOCK 3P-79             
1 41984U 17008AN  17288.52937896  .00005482  00000-0  23360-3 0  9993
2 41984  97.4863 349.6339 0009441 131.1106 229.0947 15.23335995 36695
FLOCK 3P-86             
1 41985U 17008AP  17288.85850172  .00007492  00000-0  31805-3 0  9997
2 41985  97.4862 349.9559 0009469 129.3583 230.8494 15.23336284 36734
FLOCK 3P-36             
1 41986U 17008AQ  17288.79505731  .00004937  00000-0  21080-3 0  9994
2 41986  97.4846 349.8288 0009225 127.3411 232.8667 15.23322202 36215
FLOCK 3P-30             
1 41987U 17008AR  17288.85196151  .00007930  00000-0  33644-3 0  9999
2 41987  97.4846 349.9073 0009140 128.3445 231.8615 15.23338644 36694
FLOCK 3P-34             
1 41988U 17008AS  17288.60155562  .00007104  00000-0  30193-3 0  9993
2 41988  97.4841 349.6164 0009336 126.0337 234.1766 15.23318014 36186
FLOCK 3P-35             
1 41989U 17008AT  17288.60372925  .00006826  00000-0  29022-3 0  9997
2 41989  97.4841 349.6125 0009484 126.1028 234.1088 15.23317827 36184
FLOCK 3P-33             
1 41990U 17008AU  17288.79602970  .00006855  00000-0  29150-3 0  9999
2 41990  97.4842 349.8201 0009125 126.2261 233.9821 15.23316538 36210
LEMUR-2-SATCHMO         
1 41991U 17008AV  17288.51858798  .00003248  00000-0  14260-3 0  9990
2 41991  97.4835 349.4184 0009263 129.1920 231.0140 15.22625771 36164
LEMUR-2-MIA-GRACE       
1 41992U 17008AW  17288.55492461  .00003597  00000-0  15602-3 0  9994
2 41992  97.4839 349.5303 0009167 129.5345 230.6703 15.22971030 36174
LEMUR-2-SMITA-SHARAD    
1 41993U 17008AX  17288.83166195  .00002754  00000-0  12087-3 0  9996
2 41993  97.4834 349.7680 0009186 128.0951 232.1115 15.22777209 36219
LEMUR-2-SPIRE-MINIONS   
1 41994U 17008AY  17288.75865534  .00003588  00000-0  15582-3 0  9990
2 41994  97.4836 349.7121 0009237 128.2569 231.9500 15.22932474 36207
LEMUR-2-RDEATON         
1 41995U 17008AZ  17288.56405617  .00003042  00000-0  13294-3 0  9995
2 41995  97.4837 349.5153 0010013 141.4552 218.7402 15.22830356 36856
LEMUR-2-NOGUECORREIG    
1 41996U 17008BA  17288.54894667  .00002434  00000-0  10650-3 0  9998
2 41996  97.4839 349.5391 0009987 142.0322 218.1621 15.22981231 36073
LEMUR-2-JOBANPUTRA      
1 41997U 17008BB  17288.59880265  .00003504  00000-0  15141-3 0  9992
2 41997  97.4842 349.6268 0009971 141.5963 218.5985 15.23108343 36174
LEMUR-2-TACHIKOMA       
1 41998U 17008BC  17288.82979135  .00002803  00000-0  12309-3 0  9998
2 41998  97.4834 349.7719 0009926 140.9557 219.2398 15.22733951 36130
BGUSAT                  
1 41999U 17008BD  17288.84865242  .00005099  00000-0  21750-3 0  9994
2 41999  97.4848 349.9180 0009928 142.0781 218.1157 15.23330599 36216
DIDO-2                  
1 42000U 17008BE  17288.77336584  .00002207  00000-0  97984-4 0  9993
2 42000  97.4832 349.6911 0009877 141.5703 218.6239 15.22589454 36203
FLOCK 3P-49             
1 42001U 17008BF  17288.51988034  .00003464  00000-0  14880-3 0  9998
2 42001  97.4843 349.5786 0009516 142.9878 217.2017 15.23324375 36695
FLOCK 3P-67             
1 42002U 17008BG  17288.78785356  .00005197  00000-0  22157-3 0  9991
2 42002  97.4842 349.8289 0009516 141.6162 218.5753 15.23343102 36890
FLOCK 3P-68             
1 42003U 17008BH  17288.52741935  .00007114  00000-0  30236-3 0  9997
2 42003  97.4840 349.5600 0009597 141.2910 218.9016 15.23311864 36491
FLOCK 3P-41             
1 42004U 17008BJ  17288.58044844  .00002611  00000-0  11297-3 0  9992
2 42004  97.4838 349.6361 0009265 143.0695 217.1181 15.23303610 36704
FLOCK 3P-45             
1 42005U 17008BK  17288.84907664  .00005473  00000-0  23320-3 0  9999
2 42005  97.4842 349.8994 0009349 142.3906 217.7986 15.23340865 36896
FLOCK 3P-48             
1 42006U 17008BL  17288.51814660  .00003261  00000-0  14029-3 0  9996
2 42006  97.4844 349.5799 0009227 143.6467 216.5398 15.23321376 36632
FLOCK 3P-43             
1 42007U 17008BM  17288.51627210  .00002806  00000-0  12119-3 0  9992
2 42007  97.4839 349.5734 0009056 143.8325 216.3526 15.23311023 36854
FLOCK 3P-42             
1 42008U 17008BN  17288.51554470  .00005559  00000-0  23691-3 0  9995
2 42008  97.4839 349.5696 0009208 143.3892 216.7975 15.23326288 36777
FLOCK 3P-61             
1 42009U 17008BP  17288.57967182  .00003058  00000-0  13178-3 0  9991
2 42009  97.4840 349.6415 0009064 145.0020 215.1814 15.23314268 36839
FLOCK 3P-40             
1 42010U 17008BQ  17288.50780491  .00004527  00000-0  19349-3 0  9990
2 42010  97.4834 349.5676 0008943 145.6848 214.4968 15.23335424 36087
FLOCK 3P-16             
1 42011U 17008BR  17288.82298415  .00002817  00000-0  12173-3 0  9994
2 42011  97.4833 349.9157 0008613 144.8386 215.3420 15.23284307 36072
FLOCK 3P-14             
1 42012U 17008BS  17288.82819971  .00004670  00000-0  19952-3 0  9992
2 42012  97.4841 349.9187 0008929 147.2996 212.8795 15.23329641 36695
FLOCK 3P-53             
1 42013U 17008BT  17288.83220878  .00004603  00000-0  19650-3 0  9997
2 42013  97.4830 349.8903 0008662 145.0456 215.1351 15.23363840 36693
FLOCK 3P-54             
1 42014U 17008BU  17288.82985856  .00002667  00000-0  11529-3 0  9996
2 42014  97.4835 349.9056 0008583 145.7341 214.4451 15.23319009 36861
PEASSS                  
1 42015U 17008BV  17288.87235676  .00002675  00000-0  11583-3 0  9999
2 42015  97.4824 349.9844 0007598 146.4051 213.7668 15.23276389 36715
AL-FARABI 1             
1 42016U 17008BW  17288.58987183  .00003446  00000-0  14729-3 0  9997
2 42016  97.4830 349.7576 0007511 147.7615 212.4082 15.23511482 36798
NAYIF-1 (EO-88)         
1 42017U 17008BX  17288.58746941  .00003457  00000-0  14769-3 0  9999
2 42017  97.4829 349.7589 0007474 147.9262 212.2431 15.23528904 36815
FLOCK 3P-23             
1 42018U 17008BY  17288.76259991  .00004597  00000-0  19648-3 0  9991
2 42018  97.4832 349.6824 0010271 123.9588 236.2627 15.23311201 35659
FLOCK 3P-76             
1 42019U 17008BZ  17288.60212891  .00006597  00000-0  28049-3 0  9990
2 42019  97.4866 349.6980 0009879 129.6917 230.5192 15.23328441 36694
FLOCK 3P-69             
1 42020U 17008CA  17288.60038278  .00004377  00000-0  18730-3 0  9997
2 42020  97.4865 349.6996 0009784 128.4805 231.7310 15.23306124 35586
FLOCK 3P-84             
1 42021U 17008CB  17288.60858988  .00002455  00000-0  10638-3 0  9990
2 42021  97.4859 349.6756 0010150 128.6037 231.6111 15.23307073 36709
FLOCK 3P-59             
1 42022U 17008CC  17288.61111486  .00005053  00000-0  21597-3 0  9990
2 42022  97.4841 349.6058 0009562 128.8246 231.3846 15.23270886 35729
FLOCK 3P-32             
1 42023U 17008CD  17288.61311509  .00006291  00000-0  26779-3 0  9991
2 42023  97.4842 349.6055 0009604 125.1838 235.0299 15.23311102 36868
FLOCK 3P-71             
1 42024U 17008CE  17288.82371867  .00005573  00000-0  23889-3 0  9999
2 42024  97.4870 349.8654 0009961 128.4767 231.7365 15.23120393 35765
FLOCK 3P-77             
1 42025U 17008CF  17288.86584352  .00002465  00000-0  10677-3 0  9997
2 42025  97.4861 349.9503 0009808 129.1437 231.0673 15.23325392 36742
FLOCK 3P-80             
1 42026U 17008CG  17288.39065361  .00006225  00000-0  26503-3 0  9993
2 42026  97.4861 349.5084 0009410 130.5887 229.6170 15.23307527 34818
FLOCK 3P-66             
1 42027U 17008CH  17288.59236315  .00007075  00000-0  30070-3 0  9993
2 42027  97.4844 349.6354 0009614 140.3920 219.8021 15.23315662 36811
FLOCK 3P-65             
1 42028U 17008CJ  17288.85301080  .00007763  00000-0  32958-3 0  9996
2 42028  97.4844 349.8994 0009500 139.8457 220.3483 15.23319377 36755
FLOCK 3P-50             
1 42029U 17008CK  17288.58714311  .00007293  00000-0  30972-3 0  9994
2 42029  97.4846 349.6479 0009271 142.6350 217.5533 15.23334081 36037
FLOCK 3P-52             
1 42030U 17008CL  17288.85142938  .00007953  00000-0  33749-3 0  9994
2 42030  97.4843 349.8976 0009393 140.8844 219.3073 15.23329052 36843
FLOCK 3P-46             
1 42031U 17008CM  17288.58309292  .00005442  00000-0  23207-3 0  9992
2 42031  97.4839 349.6369 0009302 142.6826 217.5059 15.23315546 36862
FLOCK 3P-47             
1 42032U 17008CN  17288.51897542  .00002488  00000-0  10775-3 0  9999
2 42032  97.4837 349.5687 0009218 143.3045 216.8825 15.23316824 36672
FLOCK 3P-44             
1 42033U 17008CP  17288.57799644  .00004886  00000-0  20859-3 0  9998
2 42033  97.4841 349.6492 0009131 145.4822 214.7009 15.23331360 35439
FLOCK 3P-64             
1 42034U 17008CQ  17288.57734148  .00004464  00000-0  19096-3 0  9990
2 42034  97.4837 349.6377 0009068 144.5999 215.5841 15.23313218 36853
FLOCK 3P-63             
1 42035U 17008CR  17288.57582024  .00005321  00000-0  22669-3 0  9998
2 42035  97.4836 349.6360 0009065 144.6508 215.5332 15.23356974 34825
FLOCK 3P-62             
1 42036U 17008CS  17288.56349982  .00005108  00000-0  21742-3 0  9996
2 42036  97.4838 349.6573 0009071 146.8595 213.3212 15.23411368 36027
FLOCK 3P-38             
1 42037U 17008CT  17288.57418980  .00002457  00000-0  10634-3 0  9995
2 42037  97.4836 349.6391 0008746 145.0047 215.1766 15.23355823 36808
FLOCK 3P-39             
1 42038U 17008CU  17288.57253045  .00004319  00000-0  18467-3 0  9996
2 42038  97.4832 349.6310 0008970 145.2341 214.9484 15.23343637 36752
FLOCK 3P-15             
1 42039U 17008CV  17288.77369309  .00002242  00000-0  97344-4 0  9995
2 42039  97.4835 349.8320 0008875 144.4330 215.7500 15.23338611 36060
FLOCK 3P-13             
1 42040U 17008CW  17288.57144432  .00008874  00000-0  37589-3 0  9994
2 42040  97.4841 349.6476 0008703 146.2880 213.8912 15.23359933 36021
FLOCK 3P-55             
1 42041U 17008CX  17288.54900477  .00002571  00000-0  11124-3 0  9996
2 42041  97.4837 349.6735 0008468 149.2455 210.9279 15.23328505 36861
FLOCK 3P-56             
1 42042U 17008CY  17288.60355778  .00005226  00000-0  22074-3 0  9998
2 42042  97.4835 349.7431 0008416 148.6459 211.5281 15.23665752 36660
FLOCK 3P-81             
1 42043U 17008CZ  17288.86012989  .00007654  00000-0  32492-3 0  9993
2 42043  97.4862 349.9587 0009723 130.1642 230.0447 15.23328533 36086
FLOCK 3P-87             
1 42044U 17008DA  17288.60622067  .00005380  00000-0  22939-3 0  9999
2 42044  97.4858 349.6730 0009932 128.4540 231.7589 15.23321933 36192
FLOCK 3P-29             
1 42045U 17008DB  17288.60780675  .00005359  00000-0  22852-3 0  9990
2 42045  97.4841 349.6114 0009638 125.5166 234.6971 15.23321573 36047
FLOCK 3P-82             
1 42046U 17008DC  17288.80598741  .00005303  00000-0  22591-3 0  9993
2 42046  97.4861 349.8722 0009927 128.7374 231.4752 15.23355819 36125
FLOCK 3P-78             
1 42047U 17008DD  17288.60543002  .00003011  00000-0  12988-3 0  9995
2 42047  97.4861 349.6828 0009886 128.0740 232.1390 15.23283667 36021
FLOCK 3P-74             
1 42048U 17008DE  17288.61401969  .00003237  00000-0  13928-3 0  9997
2 42048  97.4862 349.6792 0010126 129.0094 231.2045 15.23311602 36023
FLOCK 3P-31             
1 42049U 17008DF  17288.48391410  .00004414  00000-0  18902-3 0  9997
2 42049  97.4841 349.4730 0009717 126.9048 233.3081 15.23277569 35463
FLOCK 3P-83             
1 42050U 17008DG  17288.41936449  .00004877  00000-0  20835-3 0  9990
2 42050  97.4859 349.4689 0009996 130.3068 229.9044 15.23300501 36720
FLOCK 3P-72             
1 42051U 17008DH  17288.59604123  .00006177  00000-0  26280-3 0  9996
2 42051  97.4865 349.7073 0009542 128.6788 231.5304 15.23334686 34349
LEMUR-2-REDFERN-GOES    
1 42059U 98067LA  17288.77358981  .00025697  00000-0  28637-3 0  9992
2 42059  51.6372 150.2090 0005880  37.6688 322.4717 15.62634062 34831
LEMUR-2-TRUTNA          
1 42067U 98067LC  17288.71529429  .00058382  00000-0  49546-3 0  9991
2 42067  51.6360 146.8037 0003485  47.3736 312.7554 15.69067080 34704
LEMUR-2-AUSTINTACIOUS   
1 42068U 98067LD  17288.77183138  .00034691  00000-0  36089-3 0  9996
2 42068  51.6377 149.4486 0005006  30.4716 329.6569 15.64233524 34775
LEMUR-2-TRUTNAHD        
1 42069U 98067LE  17288.55352429  .00031412  00000-0  34120-3 0  9996
2 42069  51.6382 151.0056 0005026  36.9364 323.1976 15.63183403 34787
HAVELSAT                
1 42700U 98067LH  17288.70725342  .00025849  00000-0  31893-3 0  9994
2 42700  51.6386 154.2723 0005574  68.1294 292.0292 15.59979782 23721
SOMP 2                  
1 42701U 98067LJ  17288.78979312  .00024028  00000-0  30179-3 0  9995
2 42701  51.6384 154.0762 0005555  68.0076 292.1506 15.59555311 23724
COLUMBIA                
1 42702U 98067LK  17288.77111317  .00073312  00000-0  70356-3 0  9999
2 42702  51.6365 151.6902 0003448  85.4793 274.6596 15.65943529 23689
SGSAT                   
1 42703U 98067LL  17288.78384960  .00051742  00000-0  54786-3 0  9999
2 42703  51.6360 152.5225 0000171 131.3766 228.7243 15.63611999 23662
CXBN-2                  
1 42704U 98067LM  17288.66803802  .00022968  00000-0  28810-3 0  9995
2 42704  51.6387 154.7633 0000931  42.5798 317.5267 15.59630275 23634
ICECUBE                 
1 42705U 98067LN  17288.75772730  .00031836  00000-0  37624-3 0  9998
2 42705  51.6406 153.8752 0001157   7.4116 352.6895 15.61004687 23715
PHOENIX                 
1 42706U 98067LP  17288.84551944  .00026752  00000-0  33241-3 0  9993
2 42706  51.6383 153.7009 0001185  87.7892 272.3237 15.59786206 23659
X-CUBESAT               
1 42707U 98067LQ  17288.84344902  .00026733  00000-0  33064-3 0  9990
2 42707  51.6373 153.6789 0001223  91.3228 268.7905 15.59908148 23641
QBEE50-LTU-OC           
1 42708U 98067LR  17288.78452269  .00025181  00000-0  31323-3 0  9992
2 42708  51.6373 154.0353 0001200  88.7308 271.3822 15.59793559 23598
ALTAIR PATHFINDER       
1 42711U 98067LS  17288.80691519  .00015864  00000-0  21383-3 0  9994
2 42711  51.6382 154.9347 0003274 357.9176   2.1802 15.57993119 23298
SHARC                   
1 42712U 98067LT  17288.81364504  .00011958  00000-0  16540-3 0  9996
2 42712  51.6393 154.9882 0001702  16.2006 343.9040 15.57578873 23539
ZA-AEROSAT              
1 42713U 98067LU  17288.76308572  .00021698  00000-0  28087-3 0  9995
2 42713  51.6385 154.6468 0001014   4.9122 355.1881 15.58834112 23290
LINK                    
1 42714U 98067LV  17288.77665534  .00033201  00000-0  39637-3 0  9997
2 42714  51.6370 153.9790 0000455  16.0928 344.0080 15.60718274 23416
CSUNSAT 1               
1 42715U 98067LW  17288.76637785  .00022068  00000-0  28346-3 0  9998
2 42715  51.6390 154.6650 0002957 343.4849  16.6047 15.59025888 23291
UPSAT                   
1 42716U 98067LX  17288.76276881  .00029750  00000-0  35814-3 0  9998
2 42716  51.6385 153.8938 0003994  78.7263 281.4179 15.60552340 23430
SPACECUBE               
1 42717U 98067LY  17288.79746482  .00025248  00000-0  31586-3 0  9991
2 42717  51.6381 154.1249 0004135  75.6909 284.4543 15.59634986 22675
HOOPOE                  
1 42718U 98067LZ  17288.84397970  .00029151  00000-0  35717-3 0  9999
2 42718  51.6380 153.6861 0004008  75.9838 284.1601 15.60100822 22684
CHALLENGER              
1 42721U 98067MA  17288.82316102  .00043956  00000-0  50772-3 0  9996
2 42721  51.6372 153.5373 0005517  50.0617 310.0861 15.61430787 22382
NJUST-1                 
1 42722U 98067MB  17288.85484485  .00022911  00000-0  29845-3 0  9995
2 42722  51.6386 154.5060 0006603  46.8980 313.2564 15.58610590 22377
UNSW-ECO                
1 42723U 98067MC  17288.61926738  .00027249  00000-0  33644-3 0  9993
2 42723  51.6387 155.1850 0005973  48.1690 311.9812 15.59927761 22323
DUTHSAT                 
1 42724U 98067MD  17288.83783094  .00041427  00000-0  48429-3 0  9995
2 42724  51.6382 153.6425 0004855  55.7574 304.3879 15.61149684 22280
LILACSAT-1              
1 42725U 98067ME  17288.84957534  .00026824  00000-0  34304-3 0  9990
2 42725  51.6386 154.4733 0005503  52.8021 307.3473 15.59010141 22276
NSIGHT-1                
1 42726U 98067MF  17288.84546758  .00012285  00000-0  17225-3 0  9992
2 42726  51.6397 155.1985 0006328  50.5798 309.5753 15.57169070 22277
SNUSAT-1                
1 42727U 98067MG  17288.20603989  .00020801  00000-0  26843-3 0  9992
2 42727  51.6372 157.6641 0006273   4.2612 355.8432 15.58929648 22147
QBITO                   
1 42728U 98067MH  17288.82377255  .00027898  00000-0  35011-3 0  9995
2 42728  51.6398 154.3095 0003216  70.8819 289.2521 15.59496822 22081
AALTO-2                 
1 42729U 98067MJ  17288.82358288  .00028328  00000-0  35512-3 0  9996
2 42729  51.6388 154.3014 0003158  71.1534 288.9801 15.59516550 22094
SUSAT                   
1 42730U 98067MK  17288.83249234  .00027573  00000-0  34900-3 0  9990
2 42730  51.6386 154.3578 0003203  66.1754 293.9574 15.59276945 22081
I-INSPIRE II            
1 42731U 98067ML  17288.67468373  .00025229  00000-0  30913-3 0  9996
2 42731  51.6374 154.7919 0005069 348.6551  11.4328 15.60179772 22113
POLYITAN-2-SAU          
1 42732U 98067MM  17288.69022758  .00025621  00000-0  32032-3 0  9992
2 42732  51.6377 154.8974 0005342 348.1251  11.9615 15.59637527 22114
SNUSAT-1B               
1 42733U 98067MN  17288.83229124  .00026302  00000-0  33298-3 0  9997
2 42733  51.6384 154.3486 0005471 351.8128   8.2775 15.59290307 22132
EXALTA-1                
1 42734U 98067MP  17288.80545951  .00027718  00000-0  34050-3 0  9993
2 42734  51.6376 154.1676 0006858  18.5774 341.5468 15.60045228 22085
AOXIANG-1               
1 42735U 98067MQ  17288.59390530  .00019996  00000-0  26056-3 0  9997
2 42735  51.6379 155.7606 0007110  42.1866 317.9672 15.58693751 23460
BEEAGLESAT              
1 42736U 98067MR  17288.84318153  .00026178  00000-0  33511-3 0  9991
2 42736  51.6376 154.4252 0006833  42.0596 318.0920 15.58989246 22195
ATLANTIS                
1 42737U 98067MS  17288.86305508  .00071826  00000-0  73206-3 0  9999
2 42737  51.6354 152.2943 0004202  47.1776 312.9572 15.64436041 22114
LEMUR-2-ANGELA          
1 42752U 17019B   17288.29672273  .00002821  00000-0  11440-3 0  9998
2 42752  51.6409 184.8785 0011478  54.1644 306.0400 15.28021199 19655
LEMUR-2-JENNYBARNA      
1 42753U 17019C   17288.74587669  .00003794  00000-0  14834-3 0  9993
2 42753  51.6396 182.6303 0011418  56.4540 303.7528 15.28259378 19665
LEMUR-2-ROBMOORE        
1 42754U 17019D   17288.76060995  .00003040  00000-0  12256-3 0  9994
2 42754  51.6414 182.7220 0011457  58.0957 302.1135 15.27946122 19700
LEMUR-2-SPIROVISION     
1 42755U 17019E   17288.29604544  .00004714  00000-0  18175-3 0  9992
2 42755  51.6405 184.8708 0011461  57.0305 303.1774 15.28152102 19524
UCLSAT                  
1 42765U 17036A   17288.22894431  .00002693  00000-0  12411-3 0  9992
2 42765  97.4372 346.6264 0011297 207.6639 152.3996 15.21085167 17461
LITUANICASAT-2          
1 42768U 17036D   17288.24296634  .00004981  00000-0  23258-3 0  9991
2 42768  97.4378 346.4576 0015866 198.0109 162.0566 15.20172510 17330
LEMUR-2-SHAINAJOHL      
1 42771U 17036G   17288.23290876  .00003412  00000-0  16022-3 0  9995
2 42771  97.4375 346.4711 0014928 197.1887 162.8844 15.20215120 17278
LEMUR-2-XUENITERENCE    
1 42772U 17036H   17288.75587018  .00003037  00000-0  14281-3 0  9998
2 42772  97.4375 346.9944 0014629 194.8113 165.2695 15.20255812 17358
LEMUR-2-LUCYBRYCE       
1 42773U 17036J   17288.22329482  .00003942  00000-0  18363-3 0  9990
2 42773  97.4375 346.4838 0014480 196.0582 164.0196 15.20403787 17275
LEMUR-2-KUNGFOO         
1 42774U 17036K   17288.81672066  .00002950  00000-0  13854-3 0  9993
2 42774  97.4378 347.0698 0014410 194.2539 165.8291 15.20327321 17358
AALTO-1                 
1 42775U 17036L   17288.81457298  .00001720  00000-0  82377-4 0  9993
2 42775  97.4369 347.0697 0014013 193.0857 167.0017 15.20227111 17364
URSA MAIOR              
1 42776U 17036M   17288.61411089  .00001876  00000-0  89411-4 0  9998
2 42776  97.4372 346.8827 0013874 194.0039 166.0814 15.20273687 17338
COMPASS 2               
1 42777U 17036N   17288.85204817  .00003839  00000-0  17716-3 0  9993
2 42777  97.4388 347.1903 0012913 196.9158 163.1649 15.20759415 17366
LEMUR-2-LYNSEY-SYMO     
1 42779U 17036Q   17288.83582407  .00004141  00000-0  18947-3 0  9991
2 42779  97.4380 347.1992 0012290 203.3762 156.6917 15.21017987 17356
LEMUR-2-LISASAURUS      
1 42780U 17036R   17288.17835994  .00004115  00000-0  18870-3 0  9998
2 42780  97.4377 346.5450 0012085 205.7742 154.2892 15.20943990 17269
LEMUR-2-SAM-AMELIA      
1 42781U 17036S   17288.17451027  .00004931  00000-0  22477-3 0  9994
2 42781  97.4377 346.5487 0012074 206.0560 154.0069 15.21051145 17256
LEMUR-2-MCPEAKE         
1 42782U 17036T   17288.83017951  .00003964  00000-0  18116-3 0  9992
2 42782  97.4378 347.2041 0011972 203.1340 156.9358 15.21089055 17356
DIAMOND RED             
1 42783U 17036U   17287.97910626  .00002727  00000-0  12645-3 0  9995
2 42783  97.4373 346.3508 0011868 208.4507 151.6082 15.20857895 17234
PEGASUS                 
1 42784U 17036V   17288.56807008  .00002668  00000-0  12349-3 0  9996
2 42784  97.4375 346.9414 0011874 206.5955 153.4673 15.20943541 17322
DIAMOND GREEN           
1 42785U 17036W   17288.10968529  .00002669  00000-0  12384-3 0  9993
2 42785  97.4375 346.4854 0011767 208.3162 151.7435 15.20851916 17249
DIAMOND BLUE            
1 42786U 17036X   17288.10759064  .00002697  00000-0  12521-3 0  9990
2 42786  97.4375 346.4871 0011596 208.6943 151.3655 15.20831855 17249
NUDTSAT                 
1 42787U 17036Y   17288.81923224  .00003550  00000-0  16201-3 0  9998
2 42787  97.4377 347.2167 0011569 205.6866 154.3797 15.21212414 17201
SUCHAI                  
1 42788U 17036Z   17288.23088820  .00003195  00000-0  14661-3 0  9992
2 42788  97.4375 346.6259 0011499 207.7882 152.2741 15.21091997 17340
SKCUBE                  
1 42789U 17036AA  17288.22833603  .00002926  00000-0  13449-3 0  9993
2 42789  97.4373 346.6280 0011320 207.6976 152.3658 15.21108652 17265
VZLUSAT-1               
1 42790U 17036AB  17288.41876580  .00003508  00000-0  15997-3 0  9994
2 42790  97.4374 346.8288 0011086 207.4160 152.6492 15.21249621 17294
ROBUSTA-1B              
1 42792U 17036AD  17288.61359966  .00002840  00000-0  13013-3 0  9997
2 42792  97.4372 347.0260 0010900 207.3039 152.7625 15.21244192 17337
CICERO 6                
1 42793U 17036AE  17288.40401644  .00002002  00000-0  92466-4 0  9996
2 42793  97.4365 346.8457 0009889 208.5478 151.5217 15.21333452 17375
D-SAT                   
1 42794U 17036AF  17287.85217174  .00000611  00000-0  58873-4 0  9996
2 42794  97.6290 346.2825 0127941  18.8537 341.7356 14.90668118 17176
TOKI                    
1 42820U 98067MU  17288.46662734  .00021307  00000-0  28189-3 0  9994
2 42820  51.6378 157.1599 0001612 331.8868  28.2037 15.58264628 15603
GHANASAT-1              
1 42821U 98067MV  17288.59940093  .00020315  00000-0  27034-3 0  9992
2 42821  51.6380 156.5467 0001623 339.0278  21.0647 15.58141777 15608
MAZAALAI (NUMSAT-1)     
1 42822U 98067MW  17288.59996265  .00020157  00000-0  26805-3 0  9994
2 42822  51.6381 156.5509 0001652 343.8900  16.2039 15.58165700 15607
BRAC ONNESHA            
1 42823U 98067MX  17288.08889462  .00026315  00000-0  34781-3 0  9993
2 42823  51.6386 159.1408 0005093 359.3950   0.7035 15.58145272 15505
NIGERIAEDUSAT-1         
1 42824U 98067MY  17288.09290294  .00025936  00000-0  34394-3 0  9992
2 42824  51.6388 159.1679 0004961   0.6768 359.4230 15.58065873 15525
LEMUR-2-GREENBERG       
1 42837U 17042N   17288.61692871  .00001231  00000-0  12941-3 0  9991
2 42837  97.6076 195.0055 0011980 295.8471  64.1511 14.91123598 13905
LEMUR-2-ANDIS           
1 42838U 17042P   17288.61554487  .00001089  00000-0  11509-3 0  9992
2 42838  97.6076 195.0068 0012058 295.7223  64.2751 14.91140133 13902
LEMUR-2-MONSON          
1 42839U 17042Q   17288.60974836  .00000770  00000-0  82820-4 0  9997
2 42839  97.6076 195.0135 0011738 294.6612  65.3384 14.91209749 13905
LEMUR-2-FURIAUS         
1 42840U 17042R   17288.60724862  .00001101  00000-0  11589-3 0  9993
2 42840  97.6075 195.0160 0011831 295.4283  64.5711 14.91278442 13890
LEMUR-2-PETERG          
1 42841U 17042S   17288.59902235  .00001009  00000-0  10639-3 0  9996
2 42841  97.6076 195.0275 0011470 293.9418  66.0599 14.91408380 13900
LEMUR-2-DEMBITZ         
1 42842U 17042T   17288.79891047  .00001020  00000-0  10735-3 0  9997
2 42842  97.6075 195.2218 0011477 293.7730  66.2285 14.91431061 13930
LEMUR-2-ZACHARY         
1 42845U 17042W   17288.58390730  .00000645  00000-0  69597-4 0  9993
2 42845  97.6023 194.9830 0011932 299.6542  60.3488 14.91627320 13894
FLOCK 2K-03             
1 42850U 17042AB  17288.68882357  .00014367  00000-0  43895-3 0  9999
2 42850  96.9949 192.6819 0009665 283.6453  76.3715 15.33935747 14113
FLOCK 2K-04             
1 42851U 17042AC  17288.16974283  .00016140  00000-0  49421-3 0  9995
2 42851  96.9947 192.1863 0009492 288.1512  71.8698 15.33841744 14034
FLOCK 2K-01             
1 42852U 17042AD  17288.69035878  .00014570  00000-0  44595-3 0  9994
2 42852  96.9949 192.6817 0009276 284.5404  75.4810 15.33879688 14114
FLOCK 2K-02             
1 42853U 17042AE  17288.70241432  .00003283  00000-0  10520-3 0  9992
2 42853  96.9955 192.6713 0010003 281.6638  78.3482 15.32985725 14110
FLOCK 2K-47             
1 42854U 17042AF  17288.68736327  .00015263  00000-0  46608-3 0  9999
2 42854  96.9948 192.6834 0009166 283.2097  76.8124 15.33944049 14113
FLOCK 2K-48             
1 42855U 17042AG  17287.96882042  .00018364  00000-0  55962-3 0  9994
2 42855  96.9948 192.0084 0009170 286.6754  73.3482 15.33970531 14009
FLOCK 2K-45             
1 42856U 17042AH  17288.68478036  .00014834  00000-0  45234-3 0  9998
2 42856  96.9948 192.6881 0009187 282.0029  78.0185 15.33994857 14115
FLOCK 2K-24             
1 42857U 17042AJ  17287.77052178  .00019291  00000-0  58791-3 0  9997
2 42857  96.9947 191.8225 0009079 284.4139  75.6097 15.33960279 13975
FLOCK 2K-46             
1 42858U 17042AK  17288.55201373  .00014786  00000-0  45079-3 0  9997
2 42858  96.9953 192.5709 0009250 281.6812  78.3393 15.33999787 14095
FLOCK 2K-23             
1 42859U 17042AL  17288.68150143  .00015351  00000-0  46735-3 0  9999
2 42859  96.9950 192.6941 0009314 281.6874  78.3325 15.34036152 14118
FLOCK 2K-21             
1 42860U 17042AM  17288.54916322  .00015307  00000-0  46608-3 0  9995
2 42860  96.9950 192.5725 0009250 280.5371  79.4830 15.34033351 14096
FLOCK 2K-22             
1 42861U 17042AN  17288.29669924  .00015509  00000-0  47748-3 0  9991
2 42861  96.9953 192.3169 0009352 280.4361  79.5829 15.33678287 14058
FLOCK 2K-07             
1 42862U 17042AP  17288.80822549  .00014990  00000-0  45578-3 0  9995
2 42862  96.9951 192.8227 0009361 279.3718  80.6468 15.34082272 14146
FLOCK 2K-08             
1 42863U 17042AQ  17288.54493681  .00014492  00000-0  44092-3 0  9995
2 42863  96.9948 192.5747 0009361 280.5836  79.4353 15.34069349 14095
FLOCK 2K-05             
1 42864U 17042AR  17288.28548322  .00015565  00000-0  47438-3 0  9999
2 42864  96.9950 192.3285 0009463 281.2096  78.8084 15.33999080 14056
FLOCK 2K-40             
1 42865U 17042AS  17288.54355129  .00011900  00000-0  36247-3 0  9995
2 42865  96.9951 192.5801 0009296 280.9215  79.0983 15.34078190 14093
FLOCK 2K-39             
1 42866U 17042AT  17288.47738862  .00009832  00000-0  29981-3 0  9995
2 42866  96.9948 192.5175 0009361 280.3570  79.6619 15.34089596 14088
FLOCK 2K-37             
1 42867U 17042AU  17288.54087439  .00011709  00000-0  35623-3 0  9997
2 42867  96.9950 192.5825 0009410 280.9756  79.0429 15.34119096 14094
FLOCK 2K-38             
1 42868U 17042AV  17288.53831355  .00009518  00000-0  28958-3 0  9999
2 42868  96.9949 192.5858 0009442 280.6713  79.3468 15.34169647 14097
FLOCK 2K-31             
1 42869U 17042AW  17288.53644218  .00015301  00000-0  46360-3 0  9994
2 42869  96.9951 192.5872 0009591 279.1693  80.8466 15.34186489 14090
FLOCK 2K-32             
1 42870U 17042AX  17288.20948400  .00015813  00000-0  47931-3 0  9993
2 42870  96.9948 192.2796 0009666 281.3660  78.6498 15.34167158 14049
FLOCK 2K-29             
1 42871U 17042AY  17288.20828806  .00016284  00000-0  49293-3 0  9997
2 42871  96.9951 192.2827 0009790 280.4676  79.5464 15.34202045 14042
FLOCK 2K-30             
1 42872U 17042AZ  17288.53368440  .00009611  00000-0  29181-3 0  9997
2 42872  96.9950 192.5908 0009740 280.4231  79.5915 15.34231277 14081
FLOCK 2K-44             
1 42873U 17042BA  17288.53101035  .00014831  00000-0  44981-3 0  9998
2 42873  96.9952 192.5965 0010548 266.2854  93.7184 15.34151484 14096
FLOCK 2K-43             
1 42874U 17042BB  17288.21378680  .00003537  00000-0  11119-3 0  9994
2 42874  96.9951 192.2749 0011020 267.5030  92.4952 15.33537592 14040
FLOCK 2K-41             
1 42875U 17042BC  17288.79043386  .00007333  00000-0  22370-3 0  9999
2 42875  96.9951 192.8426 0010674 266.7227  93.2796 15.34151807 14139
FLOCK 2K-36             
1 42876U 17042BD  17288.52633333  .00008018  00000-0  24426-3 0  9993
2 42876  96.9953 192.6024 0010838 267.1119  92.8884 15.34167830 14092
FLOCK 2K-35             
1 42877U 17042BE  17288.20223881  .00016008  00000-0  48491-3 0  9998
2 42877  96.9948 192.2899 0010734 268.6819  91.3195 15.34172471 14042
FLOCK 2K-34             
1 42878U 17042BF  17288.52505244  .00010504  00000-0  31878-3 0  9996
2 42878  96.9948 192.5988 0010767 266.7324  93.2688 15.34210864 14093
FLOCK 2K-33             
1 42879U 17042BG  17288.78317228  .00006219  00000-0  18983-3 0  9998
2 42879  96.9950 192.8503 0010916 265.7362  94.2634 15.34190637 14132
FLOCK 2K-28             
1 42880U 17042BH  17288.27595105  .00003402  00000-0  10697-3 0  9991
2 42880  96.9952 192.3420 0011077 267.7007  92.2968 15.33556886 14056
LEMUR-2-ARTFISCHER      
1 42881U 17042BJ  17288.79103364  .00006664  00000-0  20503-3 0  9991
2 42881  96.9979 192.8724 0011603 268.7277  91.2637 15.33905269 14126
FLOCK 2K-27             
1 42882U 17042BK  17288.32450230  .00010790  00000-0  32761-3 0  9992
2 42882  96.9950 192.4241 0011002 268.4597  91.5387 15.34186913 14067
FLOCK 2K-26             
1 42883U 17042BL  17288.19125300  .00009952  00000-0  30248-3 0  9991
2 42883  96.9948 192.3021 0011017 267.9293  92.0689 15.34173169 14041
FLOCK 2K-25             
1 42884U 17042BM  17288.52328188  .00010762  00000-0  32695-3 0  9997
2 42884  96.9949 192.6004 0010829 266.6221  93.3784 15.34171053 14099
FLOCK 2K-20             
1 42885U 17042BN  17288.51601561  .00003636  00000-0  11202-3 0  9999
2 42885  96.9951 192.6147 0011075 266.7910  93.2067 15.34166274 14093
FLOCK 2K-19             
1 42886U 17042BP  17287.80155825  .00008709  00000-0  26536-3 0  9990
2 42886  96.9950 191.9316 0011132 269.8975  90.0993 15.34133809 13980
FLOCK 2K-18             
1 42887U 17042BQ  17288.70523434  .00005357  00000-0  16275-3 0  9991
2 42887  96.9951 192.8063 0011350 264.0113  95.9837 15.34398753 14123
FLOCK 2K-17             
1 42888U 17042BR  17288.38184382  .00005247  00000-0  16009-3 0  9994
2 42888  96.9946 192.4898 0011257 265.9946  94.0011 15.34273016 14072
FLOCK 2K-16             
1 42889U 17042BS  17288.44971944  .00004472  00000-0  13672-3 0  9992
2 42889  96.9950 192.5549 0010893 265.9868  94.0131 15.34291622 14087
FLOCK 2K-15             
1 42890U 17042BT  17288.50876640  .00003808  00000-0  11636-3 0  9998
2 42890  96.9955 192.6275 0011268 264.5240  95.4718 15.34395822 14091
FLOCK 2K-13             
1 42891U 17042BU  17288.18842631  .00006054  00000-0  18466-3 0  9990
2 42891  96.9949 192.3060 0011164 264.2506  95.7466 15.34220146 14045
FLOCK 2K-14             
1 42892U 17042BV  17288.83662545  .00003538  00000-0  10846-3 0  9995
2 42892  96.9948 192.9249 0011271 262.9845  97.0118 15.34336404 14145
FLOCK 2K-12             
1 42893U 17042BW  17288.50720009  .00003987  00000-0  12137-3 0  9993
2 42893  96.9952 192.6258 0011268 263.6216  96.3745 15.34484799 14097
FLOCK 2K-11             
1 42894U 17042BX  17288.77231430  .00004727  00000-0  14444-3 0  9994
2 42894  96.9955 192.8689 0011258 260.7313  99.2658 15.34277550 14131
FLOCK 2K-10             
1 42895U 17042BY  17288.18079062  .00003757  00000-0  11504-3 0  9997
2 42895  96.9947 192.3113 0011368 263.8124  96.1825 15.34334485 14049
FLOCK 2K-09             
1 42896U 17042BZ  17288.69954494  .00003916  00000-0  11959-3 0  9996
2 42896  96.9952 192.8138 0011067 260.2152  99.7842 15.34398649 14293
FLOCK 2K-06             
1 42897U 17042CA  17288.53970449  .00014250  00000-0  43246-3 0  9995
2 42897  96.9950 192.5850 0009569 279.7049  80.3113 15.34149942 14099
SILU-1 (SILKROAD 1)     
1 42903U 17021F   17288.66304532  .00028453  00000-0  32303-3 0  9990
2 42903  42.7825 358.2779 0007052  13.1941 121.1370 15.61748185 11577
