SAUDISAT 1C             
1 27607U 02058C   17324.51571599  .00000084  00000-0  32772-4 0  9993
2 27607  64.5564   7.8274 0039582  24.6719 335.6265 14.75392228802179
SAUDISAT 2              
1 28371U 04025F   17324.82593563  .00000005  00000-0  11652-4 0  9994
2 28371  98.1554 275.2246 0024672 212.8397 147.1284 14.54276706710609
SAUDISAT 3              
1 31118U 07012B   17324.73058725  .00000028  00000-0  12583-4 0  9991
2 31118  97.7438 309.9510 0016160 123.1270 237.1487 14.69078289567993
PISAT                   
1 41784U 16059B   17324.21014725  .00000165  00000-0  41065-4 0  9996
2 41784  98.1488  24.0719 0032609  32.8629 327.4592 14.63278084 61391
FLYING LAPTOP           
1 42831U 17042G   17324.61609990  .00000447  00000-0  50880-4 0  9999
2 42831  97.6078 229.6479 0014300 167.6432 192.5140 14.90749849 19257
