TDRS 3                  
1 19548U 88091B   17280.43153047 -.00000303  00000-0  00000+0 0  9994
2 19548  14.4478   6.8099 0034530 306.9259 155.5397  1.00266278 93535
SKYNET 4C               
1 20776U 90079A   17278.90734402  .00000126  00000-0  00000-0 0  9990
2 20776  13.8716  14.9948 0003602 189.7745 170.2301  1.00277546 99078
TDRS 5                  
1 21639U 91054B   17280.47896601  .00000083  00000-0  00000+0 0  9999
2 21639  14.4425  20.2226 0018450 340.6777  20.1434  1.00271630 95872
TDRS 6                  
1 22314U 93003B   17280.22952635 -.00000295  00000-0  00000+0 0  9995
2 22314  13.9816  23.1814 0005254 264.2466 125.2296  1.00265451 90546
ASTRA 1D                
1 23331U 94070A   17280.15904812 -.00000271  00000-0  00000+0 0  9990
2 23331   7.7281  48.4630 0003309 146.7788 165.5186  1.00270426 84321
BRASILSAT B2            
1 23536U 95016A   17279.42583316 -.00000282  00000-0  00000-0 0  9991
2 23536   7.3512  50.3396 0002283 157.4640 252.8129  1.00272224 82556
AMSC 1                  
1 23553U 95019A   17279.35279636 -.00000117  00000-0  00000-0 0  9999
2 23553  10.2180  38.8918 0005485 172.4368 187.5922  1.00272879 82338
TDRS 7                  
1 23613U 95035B   17280.01192959 -.00000200  00000-0  00000+0 0  9993
2 23613  15.0118  13.9271 0026103 359.9446  90.9474  1.00267879 81314
ECHOSTAR 1              
1 23754U 95073A   17280.52823823 -.00000251  00000-0  00000+0 0  9994
2 23754   1.0455  89.5067 0003035 120.4001 279.4048  1.00272097 79617
INMARSAT 3-F1           
1 23839U 96020A   17280.14193663  .00000001  00000-0  00000+0 0  9993
2 23839   4.1924  66.9563 0005572 130.9554 293.6614  1.00271907 78786
ASTRA 1F                
1 23842U 96021A   17280.59132095  .00000129  00000-0  00000+0 0  9990
2 23842   0.0518   5.3228 0004151 199.7242  68.5662  1.00270226 78491
MSAT M1                 
1 23846U 96022A   17279.38968884 -.00000087  00000-0  00000+0 0  9997
2 23846   7.9148  47.9691 0005265 158.7136 201.3597  1.00272449 78594
INMARSAT 3-F2           
1 24307U 96053A   17280.27757667 -.00000132  00000-0  00000+0 0  9990
2 24307   2.8496  77.1163 0005352 135.1035 248.3413  1.00271745 77191
AMC-1 (GE-1)            
1 24315U 96054A   17279.55263911  .00000051  00000-0  00000+0 0  9992
2 24315   1.7959  84.4700 0002941 115.8703 244.8929  1.00270552 77185
AFRICASAT-2 (MEASAT-2)  
1 24653U 96063B   17280.28027181 -.00000231  00000-0  00000+0 0  9997
2 24653   7.6511  48.8802 0011029 182.9787  33.1587  1.00274404 76515
INMARSAT 3-F3           
1 24674U 96070A   17280.48628039  .00000030  00000-0  00000+0 0  9995
2 24674   3.6480  71.1942 0005194 127.3907 170.9248  1.00274021 76133
AMC-2 (GE-2)            
1 24713U 97002A   17280.40185062 -.00000218  00000-0  00000+0 0  9990
2 24713   4.5398  65.3274 0005054 133.7326 237.0225  1.00270927 26494
INTELSAT 26 (IS-26)     
1 24732U 97007A   17280.02442271 -.00000015  00000-0  00000+0 0  9997
2 24732   7.6283  49.2115 0004267 176.9516 224.3034  1.00272657 75440
GALAXY 25 (G-25)        
1 24812U 97026A   17280.21408833 -.00000172  00000-0  00000+0 0  9998
2 24812   0.0181 207.3035 0003313 353.2428 159.4403  1.00269869 74521
ABS-3                   
1 24901U 97042A   17280.09062363  .00000089  00000-0  00000+0 0  9991
2 24901   5.0885  62.6149 0007870 139.1264 264.9359  0.99995425 73695
INTELSAT 5 (IS-5)       
1 24916U 97046A   17279.71758227 -.00000148  00000-0  00000+0 0  9996
2 24916   3.7600  70.5172 0003593 148.6788 211.6053  1.00273080 73777
AMC-3 (GE-3)            
1 24936U 97050A   17279.80952208 -.00000268  00000-0  00000-0 0  9992
2 24936   0.6107  91.7907 0002881 106.7396  36.5708  1.00270477 20597
NSS-5                   
1 24957U 97053A   17280.51230122  .00000101  00000-0  00000+0 0  9996
2 24957   4.0505  68.7057 0003323 132.8059  49.7973  1.00274325 73402
ASTRA 1G                
1 25071U 97076A   17280.15309206  .00000099  00000-0  00000+0 0  9995
2 25071   2.5462  77.9390 0003424 122.3131 281.9628  1.00270992 72709
BRASILSAT B3            
1 25152U 98006A   17279.32210482 -.00000289  00000-0  00000+0 0  9995
2 25152   4.2343  67.7193 0002248 128.8316 231.4139  1.00271496 72081
INMARSAT 3-F5           
1 25153U 98006B   17280.44723831 -.00000295  00000-0  00000+0 0  9995
2 25153   2.7943  73.9110 0004774 127.9601 281.4482  1.00268935 72059
NSS-806                 
1 25239U 98014A   17280.42327288 -.00000289  00000-0  00000+0 0  9996
2 25239   0.0595 355.2757 0004733 203.9838 281.9162  1.00271319 71827
CHINASAT 5A (ZX 5A)     
1 25354U 98033A   17280.38991853 -.00000362  00000-0  00000+0 0  9997
2 25354   1.4766  86.2823 0004353 138.1023  57.6879  1.00266898 75405
THOR III                
1 25358U 98035A   17279.13305308 -.00000048  00000-0  00000+0 0  9999
2 25358   5.6110  58.4655 0002086 139.5453 220.5994  1.00271440 70868
INTELSAT 805 (IS-805)   
1 25371U 98037A   17280.50292524 -.00000040  00000-0  00000+0 0  9996
2 25371   0.2457  93.9332 0003429 114.2423 158.2435  1.00272781 70735
ASTRA 2A                
1 25462U 98050A   17279.84404094 -.00000369  00000-0  00000-0 0  9999
2 25462   0.0551 242.3933 0002539 318.4047 232.2642  1.00271000 14506
AFRISTAR                
1 25515U 98063A   17280.15937185  .00000117  00000-0  00000+0 0  9999
2 25515   3.5106  69.3276 0004212 133.5461 251.5239  1.00268811 69290
JCSAT-4A                
1 25630U 99006A   17280.39631034 -.00000210  00000-0  00000+0 0  9990
2 25630   2.5198  79.4251 0005602 125.4662 104.0475  1.00273324 68164
SKYNET 4E               
1 25639U 99009B   17280.04490519 -.00000034  00000-0  00000+0 0  9999
2 25639  10.2283  27.7301 0003119 174.1888 188.8720  1.00274513 68184
ASIASAT 3S              
1 25657U 99013A   17280.82109389 -.00000244  00000-0  00000+0 0  9995
2 25657   2.7325  77.6652 0002387 113.6495 267.0116  1.00270833 67996
NIMIQ 1                 
1 25740U 99027A   17280.52823823 -.00000209  00000-0  00000+0 0  9997
2 25740   0.0354 277.2586 0003255 302.9454 259.8289  1.00273193 67373
ASTRA 1H                
1 25785U 99033A   17280.07707591  .00000131  00000-0  00000+0 0  9999
2 25785   4.0348  68.8632 0002597 127.3619 250.9468  1.00273919 66955
TELKOM 1                
1 25880U 99042A   17279.51299427 -.00000275  00000-0  00000-0 0  9997
2 25880   0.0943  89.6776 0016347 174.5630  32.9353  1.00162351 66546
ABS-7                   
1 25894U 99046A   17280.45674383 -.00000372  00000-0  00000+0 0  9996
2 25894   0.0097 177.6186 0001619  42.4837  76.7302  1.00268534 65305
ABS-6                   
1 25924U 99053A   17279.51562058 -.00000129  00000-0  00000+0 0  9998
2 25924   0.0292  88.3599 0002481 125.4102 146.2455  1.00272688 66035
TELSTAR 12 (ORION 2)    
1 25949U 99059A   17280.51927117 -.00000072  00000-0  00000+0 0  9991
2 25949   1.1658  88.3749 0003280 116.5567 249.1822  1.00272733 65694
AMC-4 (GE-4)            
1 25954U 99060A   17279.33253920  .00000078  00000-0  00000+0 0  9996
2 25954   0.0410  95.6941 0002921  99.8682 164.4600  1.00272267 65641
GALAXY 11 (G-11)        
1 26038U 99071A   17280.59132095  .00000127  00000-0  00000+0 0  9996
2 26038   0.0753  77.9060 0000540 209.4990 346.8269  1.00272046 65266
SUPERBIRD-B2            
1 26095U 00012A   17280.48452035 -.00000102  00000-0  00000+0 0  9997
2 26095   0.6347  93.1626 0002804  95.4366 164.1251  1.00272317 64607
ASIASTAR                
1 26107U 00016A   17280.45319715 -.00000341  00000-0  00000+0 0  9994
2 26107   1.9004  81.5833 0004381 112.1419  90.7526  1.00269383 64310
EUTELSAT 16C            
1 26243U 00019A   17280.14989451  .00000085  00000-0  00000+0 0  9998
2 26243   4.4745  65.7002 0002534 142.7438 236.0259  1.00272719 63955
EUTELSAT 80A            
1 26369U 00028A   17280.27757667 -.00000111  00000-0  00000+0 0  9994
2 26369   1.2443  85.2774 0002363 101.9840 276.1260  1.00272078 63642
TDRS 8                  
1 26388U 00034A   17278.86367076 -.00000232  00000-0  00000+0 0  9999
2 26388   7.6738  54.8824 0007598 212.1644 147.8683  1.00270951 63326
ECHOSTAR 6              
1 26402U 00038A   17280.53792187 -.00000155  00000-0  00000+0 0  9996
2 26402   4.3924  66.4904 0003433 132.2108 275.1419  1.00272190 63085
INTELSAT 9 (IS-9)       
1 26451U 00043A   17280.69837635 -.00000224  00000-0  00000+0 0  9998
2 26451   3.7475  70.7277 0003203 142.5541  25.1946  1.00272433 63015
BRASILSAT B4            
1 26469U 00046A   17279.44918735 -.00000178  00000-0  00000+0 0  9990
2 26469   1.8784  84.3317 0002725 117.5247 243.2067  1.00272622 62796
NILESAT 102             
1 26470U 00046B   17280.27271733 -.00000067  00000-0  00000+0 0  9992
2 26470   1.9082  83.1251 0006289 138.2379 245.9704  1.00271589 62809
ASTRA 2B                
1 26494U 00054A   17280.35086181 -.00000162  00000-0  00000+0 0  9993
2 26494   2.4363  78.5889 0004667 124.0605 280.2754  1.00271478 62401
AMC-7 (GE-7)            
1 26495U 00054B   17279.33281934  .00000078  00000-0  00000+0 0  9998
2 26495   0.0666  85.5706 0002263 152.3154 122.1234  1.00272774 62419
NSS-11 (AAP-1)          
1 26554U 00059A   17280.38527429 -.00000355  00000-0  00000+0 0  9997
2 26554   0.0358  81.6787 0003052 135.5671  45.8500  1.00271609 62337
N-SAT-110 (JCSAT-110)   
1 26559U 00060A   17280.89384236 -.00000362  00000-0  00000+0 0  9995
2 26559   0.0266 109.6786 0001639 343.3333 355.5791  1.00272282 62288
AMC-6 (GE-6)            
1 26580U 00067A   17280.52823823 -.00000226  00000-0  00000+0 0  9995
2 26580   0.0375  74.4727 0003096 136.9490 272.1306  1.00271107 62153
INTELSAT 12 (IS-12)     
1 26590U 00068A   17280.15695111  .00000127  00000-0  00000+0 0  9992
2 26590   0.7172  92.2121 0003265 119.8838 265.4208  1.00271712 61962
INTELSAT 1R (IS-1R)     
1 26608U 00072A   17280.80882887 -.00000099  00000-0  00000+0 0  9996
2 26608   0.5413  94.4300 0000341 326.3405  51.5034  1.00182152 61823
ANIK F1                 
1 26624U 00076A   17279.25613128 -.00000084  00000-0  00000+0 0  9999
2 26624   0.0134 184.3497 0003069 352.5115 183.1717  1.00270912 61889
ASTRA 2D                
1 26638U 00081A   17278.98677238  .00000042  00000-0  00000+0 0  9994
2 26638   3.8601  69.5060 0001653 118.2562 242.0295  1.00270062 61549
AMC-8 (GE-8)            
1 26639U 00081B   17280.52479922  .00000094  00000-0  00000+0 0  9995
2 26639   0.0419  75.6334 0002493 129.6305 221.0322  1.00271746 61449
SKYNET 4F               
1 26695U 01005B   17280.35289649 -.00000252  00000-0  00000+0 0  9997
2 26695   9.0221  35.8290 0003376 169.7034 263.7528  1.00271139 61048
EUTELSAT 33C            
1 26719U 01011A   17280.39424314  .00000145  00000-0  00000+0 0  9995
2 26719   0.0678   9.3917 0003635 205.0612 336.8067  1.00269894 60749
INTELSAT 10 (IS-10)     
1 26766U 01019A   17280.19571931  .00000117  00000-0  00000+0 0  9990
2 26766   1.7463  84.6114 0001751 126.0590 283.3374  1.00271458 60094
INTELSAT 901 (IS-901)   
1 26824U 01024A   17280.22715810 -.00000151  00000-0  00000+0 0  9990
2 26824   0.0257 266.5660 0002756 292.6380 240.6647  1.00271949 59768
ASTRA 2C                
1 26853U 01025A   17280.73521456  .00000036  00000-0  00000+0 0  9991
2 26853   0.6325  91.2529 0003635 103.9868 146.3088  1.00271841 59741
ARTEMIS                 
1 26863U 01029A   17279.70865404 -.00000369  00000-0  00000+0 0  9995
2 26863  12.8427  31.9175 0002088 203.8621 157.8743  1.00277914 60560
INTELSAT 902 (IS-902)   
1 26900U 01039A   17280.73521456  .00000022  00000-0  00000+0 0  9994
2 26900   0.0299 112.9842 0002925  92.6821 137.5887  1.00271987 58931
EUTELSAT 12 WEST B      
1 26927U 01042A   17280.22303292 -.00000110  00000-0  00000+0 0  9996
2 26927   0.0593   8.6896 0004892 203.7077 231.5097  1.00271736 58693
DIRECTV 4S              
1 26985U 01052A   17280.53799355 -.00000124  00000-0  00000+0 0  9999
2 26985   0.0105 218.3521 0003198 348.8162 261.7147  1.00271070 58169
ECHOSTAR 7              
1 27378U 02006A   17280.50356917 -.00000011  00000-0  00000+0 0  9991
2 27378   0.0423  74.4549 0001481 117.2683 247.1327  1.00272798 57232
INTELSAT 904 (IS-904)   
1 27380U 02007A   17280.59132095  .00000126  00000-0  00000+0 0  9999
2 27380   0.0194 147.4647 0002866  47.3594  79.5986  1.00271813 57259
TDRS 9                  
1 27389U 02011A   17280.22388785 -.00000104  00000-0  00000+0 0  9999
2 27389   5.4742  77.6870 0017737 234.2086 132.8521  1.00271973 58609
JCSAT 2A                
1 27399U 02015A   17280.45400510 -.00000345  00000-0  00000+0 0  9997
2 27399   0.7117  91.8901 0003048 129.6812  68.0163  1.00121763 56781
ASTRA 3A                
1 27400U 02015B   17280.27586882 -.00000288  00000-0  00000+0 0  9993
2 27400   4.0229  68.2126 0002871 145.2235 215.0099  1.00275181 56885
INTELSAT 903 (IS-903)   
1 27403U 02016A   17280.69837635 -.00000234  00000-0  00000+0 0  9999
2 27403   0.0794  94.2022 0002505  49.2647  92.9997  1.00270848 56816
NSS-7                   
1 27414U 02019A   17279.24434171 -.00000163  00000-0  00000-0 0  9993
2 27414   2.1204  82.4349 0002242 113.0759 247.5625  1.00273295 56725
DIRECTV 5 (TEMPO 1)     
1 27426U 02023A   17279.26386461 -.00000066  00000-0  00000+0 0  9992
2 27426   0.0154 248.6759 0003474 317.1881 154.1498  1.00271921 56467
INTELSAT 905 (IS-905)   
1 27438U 02027A   17279.85879281 -.00000194  00000-0  00000-0 0  9994
2 27438   0.0179 231.0869 0002802 314.2339 115.0808  1.00270579 19531
EXPRESS-A4              
1 27441U 02029A   17280.82417859 -.00000254  00000-0  00000+0 0  9994
2 27441   6.2458  55.7828 0006414 102.0608 300.7482  1.00267359 56145
GALAXY 3C (G-3C)        
1 27445U 02030A   17280.21932655 -.00000161  00000-0  00000+0 0  9996
2 27445   0.0251 275.3532 0001604  47.7860  36.8814  1.00270324 56125
EUTELSAT 5 WEST A       
1 27460U 02035A   17279.96994449 -.00000053  00000-0  00000+0 0  9997
2 27460   0.0190  15.5715 0005325 188.1409 156.2630  1.00269661 55915
N-STAR C                
1 27461U 02035B   17280.49424443 -.00000317  00000-0  00000+0 0  9993
2 27461   4.8359  64.1544 0003097  75.5148 190.6093  1.00270438 55827
EUTELSAT 36 WEST A      
1 27508U 02040A   17279.05873011 -.00000255  00000-0  00000+0 0  9991
2 27508   0.0774  31.8697 0002016 244.5483  83.5901  1.00269258 55408
METEOSAT-8 (MSG-1)      
1 27509U 02040B   17280.07703019  .00000134  00000-0  00000+0 0  9991
2 27509   5.0319  57.8708 0001567 257.4371 129.9447  1.00281434 55410
INTELSAT 906 (IS-906)   
1 27513U 02041A   17280.36438265  .00000004  00000-0  00000+0 0  9993
2 27513   0.0290 250.2887 0002822 304.3908  16.8749  1.00272543 55137
KALPANA-1 (METSAT 1)    
1 27525U 02043A   17278.90674893 -.00000082  00000-0  00000+0 0  9991
2 27525   6.5295  54.5018 0014129 225.2683 134.7139  1.00270687 55197
HISPASAT 1D             
1 27528U 02044A   17280.17126060 -.00000226  00000-0  00000+0 0  9995
2 27528   0.0447 324.2775 0003788 261.8015 181.5823  1.00273523 55113
TDRS 10                 
1 27566U 02055A   17279.60172758  .00000076  00000-0  00000-0 0  9993
2 27566   5.2230  57.8923 0008769 214.0908 145.9824  1.00279966 54392
NSS-6                   
1 27603U 02057A   17280.45335128 -.00000280  00000-0  00000+0 0  9991
2 27603   0.0412  95.2680 0002895 125.1106  54.1363  1.00270829 54254
NIMIQ 2                 
1 27632U 02062A   17278.93638984 -.00000238  00000-0  00000-0 0  9999
2 27632   2.2121  81.3740 0002154  43.6786 316.9294  1.00270826 12361
INTELSAT 907 (IS-907)   
1 27683U 03007A   17279.03501952 -.00000211  00000-0  00000+0 0  9991
2 27683   0.0124 219.0060 0002999 332.2163 168.8020  1.00272926 53543
GALAXY 12 (G-12)        
1 27715U 03013B   17280.49244640  .00000048  00000-0  00000+0 0  9991
2 27715   0.0294 119.9523 0002375  91.3412 213.3328  1.00272405 53175
ASIASAT 4               
1 27718U 03014A   17280.09760630 -.00000370  00000-0  00000+0 0  9992
2 27718   0.0098 174.0370 0000458 253.1981 105.9589  1.00269104 53088
HELLAS-SAT 2            
1 27811U 03020A   17280.39424314  .00000142  00000-0  00000+0 0  9998
2 27811   0.0442 202.7228 0006746  10.3608 344.1127  1.00274376 52509
AMC-9 (GE-12)           
1 27820U 03024A   17280.59256367  .00000004  00000-0  00000+0 0  9992
2 27820   0.2114  89.7191 0026058 300.2066  84.9231  0.99984496 52509
THURAYA-2               
1 27825U 03026A   17280.07708354  .00000124  00000-0  00000+0 0  9993
2 27825   5.0174  29.5240 0005144 164.6879 253.4721  1.00273116 52518
OPTUS C1                
1 27831U 03028B   17280.44385253 -.00000157  00000-0  00000+0 0  9999
2 27831   0.0447 143.5343 0004514  48.7346 139.8326  1.00271325 52489
ECHOSTAR 12 (RAINBOW 1) 
1 27852U 03033A   17280.52823823 -.00000209  00000-0  00000+0 0  9995
2 27852   0.0415  81.8657 0001454 112.6006 285.6874  1.00270292 52146
GALAXY 23 (G-23)        
1 27854U 03034A   17280.49686000  .00000002  00000-0  00000+0 0  9998
2 27854   0.0018 184.6513 0002839  11.7644 237.8078  1.00272938 56716
EUTELSAT 33A            
1 27948U 03043A   17280.21920769  .00000144  00000-0  00000+0 0  9992
2 27948   2.5909  77.8443 0002625 233.4777 174.5334  1.00269573 51497
GALAXY 13 (HORIZONS-1)  
1 27954U 03044A   17279.61197282  .00000038  00000-0  00000+0 0  9990
2 27954   0.0144 138.1589 0001859  74.1622 256.4679  1.00270410 51312
ZHONGXING-20            
1 28082U 03052A   17280.88347939 -.00000333  00000-0  00000+0 0  9998
2 28082   3.7259  70.3403 0003371 161.5669 206.1460  1.00271605 50931
YAMAL 202               
1 28089U 03053A   17280.76304583  .00000108  00000-0  00000+0 0  9990
2 28089   0.0713  96.3776 0003068  91.8459 152.1354  1.00276408 50847
EXPRESS-AM22 (SESAT 2)  
1 28134U 03060A   17280.72549610 -.00000147  00000-0  00000+0 0  9991
2 28134   0.6805  90.8854 0000567 165.5699 101.4062  1.00271729 50448
AMC-10 (GE-10)          
1 28154U 04003A   17280.74351498  .00000077  00000-0  00000+0 0  9999
2 28154   0.0365  82.6291 0001784  76.3890 350.2375  1.00273011 50103
ABS-4 (MOBISAT-1)       
1 28184U 04007A   17280.73521456  .00000030  00000-0  00000+0 0  9997
2 28184   0.0227 257.8784 0001931 292.6745 151.6927  1.00272246 49745
EUTELSAT 7A             
1 28187U 04008A   17280.40847969  .00000038  00000-0  00000+0 0  9993
2 28187   0.0678  20.0382 0005881 178.6974 331.5748  1.00272680 49749
DIRECTV 7S              
1 28238U 04016A   17279.96993840 -.00000009  00000-0  00000+0 0  9997
2 28238   0.0055 148.0964 0003634  63.3158  34.5332  1.00271775 49226
AMC-11 (GE-11)          
1 28252U 04017A   17279.76434925  .00000059  00000-0  00000-0 0  9991
2 28252   0.0449  41.6872 0002767 159.3611 318.7408  1.00271334 49100
INTELSAT 10-02          
1 28358U 04022A   17280.68379359 -.00000021  00000-0  00000+0 0  9995
2 28358   0.0218 144.4543 0001531 155.3002 321.9718  1.00272719 48798
APSTAR 5 (TELSTAR 18)   
1 28364U 04024A   17279.94354677 -.00000304  00000-0  00000+0 0  9991
2 28364   0.0368 102.9199 0002844 102.1035 288.4449  1.00270542 48713
ANIK F2                 
1 28378U 04027A   17280.51531833 -.00000060  00000-0  00000+0 0  9994
2 28378   0.0524  75.5436 0000424 175.0770 200.2025  1.00271889 48524
AMC-15                  
1 28446U 04041A   17280.52563398 -.00000099  00000-0  00000+0 0  9990
2 28446   0.0460  49.5281 0002464 172.1821 238.8671  1.00271836 47557
AMC-16                  
1 28472U 04048A   17280.52823823 -.00000217  00000-0  00000+0 0  9990
2 28472   0.0428  47.1990 0002940 157.0582 277.2981  1.00271375 46981
NSS-10 (AMC-12)         
1 28526U 05003A   17280.82615648 -.00000261  00000-0  00000+0 0  9998
2 28526   0.0419 291.9641 0002953 272.1830  72.5000  1.00272257 46485
XTAR-EUR                
1 28542U 05005A   17279.87575702  .00000141  00000-0  00000+0 0  9993
2 28542   0.0315  99.4521 0003058 108.1175 152.4457  1.00270432 46345
XM-3 (RHYTHM)           
1 28626U 05008A   17280.45396479 -.00000216  00000-0  00000+0 0  9991
2 28626   0.0090  27.5477 0000486 164.2492 262.8638  1.00271688 46236
INMARSAT 4-F1           
1 28628U 05009A   17279.59567748 -.00000268  00000-0  00000+0 0  9993
2 28628   2.8927  13.4867 0003313 193.8076 166.1209  1.00272094 45839
APSTAR 6                
1 28638U 05012A   17280.76086563 -.00000328  00000-0  00000+0 0  9997
2 28638   0.0084  21.5061 0002865 187.5734 215.4514  1.00274511 70585
SPACEWAY 1              
1 28644U 05015A   17279.82410521 -.00000111  00000-0  00000-0 0  9998
2 28644   0.0144 233.0884 0000333 354.8402 341.4942  1.00269293 14743
DIRECTV 8               
1 28659U 05019A   17279.23820384 -.00000125  00000-0  00000+0 0  9999
2 28659   0.0200 242.8250 0003439 321.5684 155.6214  1.00272357 45342
GALAXY 28 (G-28)        
1 28702U 05022A   17280.52823823 -.00000195  00000-0  00000+0 0  9994
2 28702   0.0237 213.0032 0000159 283.2342 341.2797  1.00270465 44997
EXPRESS-AM3             
1 28707U 05023A   17280.38953568 -.00000332  00000-0  00000+0 0  9997
2 28707   0.0275 297.4687 0000340 121.7098 200.2787  1.00269579 45013
THAICOM 4               
1 28786U 05028A   17280.89200797 -.00000373  00000-0  00000+0 0  9999
2 28786   0.0167 204.5378 0002228 357.2248 255.5433  1.00268760 44499
GALAXY 14 (G-14)        
1 28790U 05030A   17280.61266584  .00000026  00000-0  00000+0 0  9997
2 28790   0.0261 108.0352 0002728  94.5512 269.4387  1.00272264 44473
ANIK F1R                
1 28868U 05036A   17280.52153543 -.00000085  00000-0  00000+0 0  9995
2 28868   0.0436  54.1072 0000836 117.0578 285.6444  1.00271654 44324
GALAXY 15 (G-15)        
1 28884U 05041A   17280.51212170  .00000068  00000-0  00000+0 0  9990
2 28884   0.0290 103.7096 0001190 109.8155 214.2092  1.00273218 43796
SYRACUSE 3A             
1 28885U 05041B   17279.89702088  .00000118  00000-0  00000-0 0  9999
2 28885   0.0232 270.9247 0002969 290.7277 184.0743  1.00277366 43917
INMARSAT 4-F2           
1 28899U 05044A   17279.81567919  .00000003  00000-0  00000+0 0  9993
2 28899   2.5946  13.3198 0003056 193.7727 166.1361  1.00271471 43665
TELKOM 2                
1 28902U 05046A   17280.48938228 -.00000148  00000-0  00000+0 0  9991
2 28902   0.0111 211.7176 0000672 243.5543 254.2273  1.00271740 43400
SPACEWAY 2              
1 28903U 05046B   17280.86299384 -.00000138  00000-0  00000+0 0  9996
2 28903   0.0457  34.4387 0000116 284.0887 269.8063  1.00271951 43663
INSAT-4A                
1 28911U 05049A   17279.72605617 -.00000175  00000-0  00000+0 0  9992
2 28911   0.0095 175.4298 0005720  58.0704 126.4787  1.00270740 43251
METEOSAT-9 (MSG-2)      
1 28912U 05049B   17280.15990939  .00000053  00000-0  00000+0 0  9990
2 28912   2.4161  71.3396 0001144 220.8220 150.7379  1.00268233 43243
EUTELSAT 172A (GE-23)   
1 28924U 05052A   17280.80466115 -.00000017  00000-0  00000+0 0  9994
2 28924   0.0695  24.6595 0006211 177.3880 276.2816  1.00271150 43154
ECHOSTAR 10             
1 28935U 06003A   17280.51737788 -.00000066  00000-0  00000+0 0  9992
2 28935   0.0462  72.5479 0001632 121.4313 258.4432  1.00271965 42681
HIMAWARI-7 (MTSAT-2)    
1 28937U 06004A   17280.49424443 -.00000253  00000-0  00000+0 0  9991
2 28937   0.0609  79.1063 0003759 117.9820 142.2020  1.00270580 42510
SPAINSAT                
1 28945U 06007A   17279.04193204 -.00000225  00000-0  00000-0 0  9990
2 28945   0.0320 233.9522 0005714 329.1323 156.9208  1.00274006 42389
EUTELSAT HOT BIRD 13E   
1 28946U 06007B   17278.92275775  .00000077  00000-0  00000+0 0  9994
2 28946   0.0583 249.7995 0007596 314.6518 155.5434  1.00271390 42452
JCSAT-5A                
1 29045U 06010A   17280.71924372 -.00000338  00000-0  00000+0 0  9994
2 29045   0.0191 163.8368 0002130  62.7029 181.0204  1.00271997 42110
ASTRA 1KR               
1 29055U 06012A   17280.77094031  .00000109  00000-0  00000+0 0  9998
2 29055   0.0797 273.9717 0004947 300.9822  98.4247  1.00271413 41918
GOES 13                 
1 29155U 06018A   17280.16286045 -.00000261  00000-0  00000+0 0  9996
2 29155   0.0840 109.7710 0002380   7.2237 243.0612  1.00275647 41684
EUTELSAT 113 WEST A     
1 29162U 06020A   17279.27187652 -.00000047  00000-0  00000+0 0  9993
2 29162   0.0404  58.0507 0003195 152.9364 149.0253  1.00272570 41624
THAICOM 5               
1 29163U 06020B   17280.72549610 -.00000132  00000-0  00000+0 0  9997
2 29163   0.0097 183.3357 0005752  54.1031 118.8424  1.00271538 41709
GALAXY 16 (G-16)        
1 29236U 06023A   17280.17867705 -.00000137  00000-0  00000+0 0  9993
2 29236   0.0098 144.5010 0002870  53.9986 142.8589  1.00271428 41426
EUTELSAT HOT BIRD 13B   
1 29270U 06032A   17280.77078785  .00000076  00000-0  00000+0 0  9990
2 29270   0.0867 332.0948 0003142 253.9745  81.0275  1.00272573 41024
JCSAT-3A                
1 29272U 06033A   17280.70396823 -.00000355  00000-0  00000+0 0  9993
2 29272   0.0194 211.2928 0001689 347.0848 199.5920  1.00269724 40933
SYRACUSE 3B             
1 29273U 06033B   17280.77036859 -.00000054  00000-0  00000+0 0  9997
2 29273   0.0199 152.1891 0003325  59.8776  76.6817  1.00271376 40912
KOREASAT 5 (MUGUNGWHA 5)
1 29349U 06034A   17280.82896666 -.00000369  00000-0  00000+0 0  9997
2 29349   0.0165 214.0854 0001334 348.3229 225.7268  1.00269946 40808
ZHONGXING-22A           
1 29398U 06038A   17280.90503667 -.00000327  00000-0  00000+0 0  9994
2 29398   5.9777  57.0647 0009192 182.3048 204.9772  1.00272324 40583
DIRECTV 9S              
1 29494U 06043A   17280.86299384 -.00000125  00000-0  00000+0 0  9996
2 29494   0.0224 140.9901 0003262  55.3690  29.9317  1.00272098 40276
OPTUS D1                
1 29495U 06043B   17280.48452035 -.00000121  00000-0  00000+0 0  9995
2 29495   0.0384  94.5650 0003685 102.6808 153.5197  1.00271640 40312
XM-4 (BLUES)            
1 29520U 06049A   17280.28512295 -.00000033  00000-0  00000+0 0  9995
2 29520   0.0071  38.1063 0000107 196.8776 128.5884  1.00272086 40164
BADR-4                  
1 29526U 06051A   17280.77110039  .00000134  00000-0  00000+0 0  9999
2 29526   0.0617 328.6283 0003176 273.5618  78.0099  1.00269343 40051
FENGYUN 2D              
1 29640U 06053A   17280.29493926 -.00000366  00000-0  10000-3 0  9997
2 29640   4.6534  63.8120 0007449 310.3814 231.8973  1.00279124 39729
WILDBLUE-1              
1 29643U 06054A   17280.51531781 -.00000059  00000-0  00000+0 0  9992
2 29643   0.0282 130.1237 0002014  71.1563 249.4335  1.00271541 39716
AMC-18                  
1 29644U 06054B   17280.52563847 -.00000100  00000-0  00000+0 0  9999
2 29644   0.0311  91.2075 0002722 110.5339 258.9220  1.00271069 39726
MEASAT-3                
1 29648U 06056A   17280.59007819 -.00000252  00000-0  00000+0 0  9992
2 29648   0.0426 134.2576 0003212  29.3831 156.7422  1.00272845 39722
INSAT-4B                
1 30793U 07007A   17279.60604818 -.00000267  00000-0  00000+0 0  9990
2 30793   0.0648  96.7759 0004908  39.5718 190.7817  1.00270133 38718
SKYNET 5A               
1 30794U 07007B   17280.45335128 -.00000282  00000-0  00000+0 0  9998
2 30794   0.0681  11.9459 0004338 196.1844  66.5607  1.00274567 38812
ANIK F3                 
1 31102U 07009A   17280.50356720 -.00000012  00000-0  00000+0 0  9992
2 31102   0.0387  97.7039 0002204 101.1390 240.0956  1.00271837 38506
ASTRA 1L                
1 31306U 07016A   17280.21171025  .00000110  00000-0  00000+0 0  9995
2 31306   0.0940 295.7993 0003688 306.4671 229.2383  1.00274104 38205
GALAXY 17 (G-17)        
1 31307U 07016B   17280.42636480 -.00000185  00000-0  00000+0 0  9993
2 31307   0.0364 328.2608 0003962 242.7884 227.7329  1.00271478 38242
ZHONGXING-6B            
1 31800U 07031A   17280.15285625 -.00000371  00000-0  00000+0 0  9996
2 31800   0.0202 214.5189 0003818   1.2862 330.7560  1.00268029 37638
DIRECTV 10              
1 31862U 07032A   17280.24105654 -.00000113  00000-0  00000+0 0  9992
2 31862   0.0060 273.9140 0000362 328.4591 117.6233  1.00269970 37576
SPACEWAY 3              
1 32018U 07036A   17280.55444828 -.00000162  00000-0  00000+0 0  9997
2 32018   0.0055 126.6138 0000226 118.2563 236.1883  1.00270903 37293
BSAT-3A                 
1 32019U 07036B   17280.64898756 -.00000361  00000-0  00000+0 0  9992
2 32019   0.0340 200.8754 0005064  15.6404 143.4813  1.00270918 37232
INSAT-4CR               
1 32050U 07037A   17280.19216045  .00000115  00000-0  00000+0 0  9999
2 32050   0.0435 111.5905 0002965  85.1573 296.3207  1.00269731 37016
OPTUS D2                
1 32252U 07044A   17280.48938228 -.00000193  00000-0  00000+0 0  9994
2 32252   0.0161 233.8547 0003847 318.7024 151.9754  1.00272811 36602
INTELSAT 11 (IS-11)     
1 32253U 07044B   17280.41387663 -.00000279  00000-0  00000+0 0  9994
2 32253   0.0173 199.0532 0001860  11.2578 271.9763  1.00271835 36692
STAR ONE C1             
1 32293U 07056A   17280.13616295 -.00000287  00000-0  00000+0 0  9995
2 32293   0.0200 120.9843 0002817  77.1177 161.9197  1.00270971 36277
SKYNET 5B               
1 32294U 07056B   17280.77108514  .00000131  00000-0  00000+0 0  9993
2 32294   0.0754 348.1673 0003697 205.2766 125.8548  1.00270086 36379
ASTRA 4A (SIRIUS 4)     
1 32299U 07057A   17279.84907101  .00000023  00000-0  00000-0 0  9995
2 32299   0.0120 230.2733 0003108 335.8883 119.9978  1.00271521 19867
HORIZONS-2              
1 32388U 07063B   17280.17757736 -.00000192  00000-0  00000+0 0  9993
2 32388   0.0114 265.1721 0002734 291.2387 328.3910  1.00270502 36040
THURAYA-3               
1 32404U 08001A   17280.63024785 -.00000314  00000-0  00000+0 0  9993
2 32404   4.0117 354.9472 0004817 198.2650 148.6642  1.00271594 35708
EXPRESS-AM33            
1 32478U 08003A   17280.01574888 -.00000291  00000-0  00000+0 0  9996
2 32478   0.0332 304.6062 0001251 327.8923 205.5587  1.00273038 35776
THOR 5                  
1 32487U 08006A   17280.26785564 -.00000019  00000-0  00000+0 0  9999
2 32487   0.0270 244.8382 0002579 319.2968 267.6670  1.00272215 35346
KIZUNA (WINDS)          
1 32500U 08007A   17280.81438250 -.00000268  00000-0  00000+0 0  9990
2 32500   1.0671  89.5900 0002440 104.3684 258.8844  1.00272652 35208
AMC-14                  
1 32708U 08011A   17280.03934994  .00000098  00000-0  00000+0 0  9995
2 32708  19.3179  61.1652 0033165 358.5386 348.4925  1.00266690 36250
DIRECTV 11              
1 32729U 08013A   17280.17867969 -.00000136  00000-0  00000+0 0  9996
2 32729   0.0101  33.8796 0000369 179.5633 127.7371  1.00271591 35096
ICO G1                  
1 32763U 08016A   17280.33643498 -.00000183  00000-0  00000+0 0  9996
2 32763   3.7958 356.3976 0002697 212.1562 195.9000  1.00271923 34632
VINASAT-1               
1 32767U 08018A   17280.58788035 -.00000339  00000-0  00000+0 0  9999
2 32767   0.0129 178.8448 0001824  36.9462 144.1967  1.00270704 34778
STAR ONE C2             
1 32768U 08018B   17279.15269442 -.00000275  00000-0  00000+0 0  9996
2 32768   0.0351 150.1061 0003418  68.9032 140.9972  1.00272427 34706
TIANLIAN 1-01           
1 32779U 08019A   17280.08802704 -.00000145  00000-0  10000-3 0  9998
2 32779   2.7785  75.3841 0033212 226.8512 185.3952  1.00271093 34636
AMOS-3                  
1 32794U 08022A   17280.77039146 -.00000046  00000-0  00000+0 0  9992
2 32794   0.0163 168.9612 0002102  35.3367  85.5440  1.00271200 34615
GALAXY 18 (G-18)        
1 32951U 08024A   17279.29959347  .00000016  00000-0  00000-0 0  9995
2 32951   0.0113 224.1417 0003403 339.7124 156.1613  1.00272137 14053
CHINASAT 9 (ZX 9)       
1 33051U 08028A   17280.58938376 -.00000258  00000-0  00000+0 0  9992
2 33051   0.0005 241.4773 0003507 309.3792 129.9511  1.00270072 34177
SKYNET 5C               
1 33055U 08030A   17280.22192897 -.00000149  00000-0  00000+0 0  9999
2 33055   0.0611  11.7062 0004182 185.2425 241.2098  1.00271482 34069
TURKSAT 3A              
1 33056U 08030B   17280.38938421  .00000136  00000-0  00000+0 0  9993
2 33056   0.0725  84.3646 0004288  92.3095  21.7386  1.00272535 34249
INTELSAT 25 (IS-25)     
1 33153U 08034A   17279.04604473 -.00000233  00000-0  00000-0 0  9993
2 33153   0.0185 239.0369 0002324 340.7240 140.2531  1.00271639 33904
BADR-6                  
1 33154U 08034B   17280.39910248  .00000134  00000-0  00000+0 0  9992
2 33154   0.0644  38.9010 0002086 133.7292  13.2902  1.00272879 33915
ECHOSTAR 11             
1 33207U 08035A   17279.26355287 -.00000066  00000-0  00000+0 0  9997
2 33207   0.0204 126.1935 0002917  79.6113 154.2118  1.00272099 33813
SUPERBIRD-C2            
1 33274U 08038A   17280.81438250 -.00000261  00000-0  00000+0 0  9996
2 33274   0.0375  92.7295 0002038 103.2995 257.7698  1.00272073 33554
AMC-21                  
1 33275U 08038B   17279.59092310  .00000026  00000-0  00000-0 0  9992
2 33275   0.0490  61.1598 0002688 151.2535 250.8878  1.00273162 33658
INMARSAT 4-F3           
1 33278U 08039A   17280.31924295 -.00000148  00000-0  00000+0 0  9999
2 33278   3.0262   2.4825 0003120 201.7212 188.9294  1.00272407 33437
NIMIQ 4                 
1 33373U 08044A   17280.52823823 -.00000231  00000-0  00000+0 0  9992
2 33373   0.0104 123.1162 0002031  77.3814 284.0656  1.00272054 33006
GALAXY 19 (G-19)        
1 33376U 08045A   17279.22755448 -.00000149  00000-0  00000+0 0  9996
2 33376   0.0108 207.3560 0003230 352.3772 160.2854  1.00272098 32991
VENESAT-1               
1 33414U 08055A   17279.50257625 -.00000247  00000-0  00000-0 0  9995
2 33414   0.0308 314.6460 0003155 277.5295 246.0772  1.00269717 32841
ASTRA 1M                
1 33436U 08057A   17280.39910248  .00000110  00000-0  00000+0 0  9994
2 33436   0.0539  97.5308 0004939  74.2991   7.2793  1.00271916 32647
CIEL-2                  
1 33453U 08063A   17280.49244640  .00000048  00000-0  00000+0 0  9997
2 33453   0.0154 187.5656 0003496  27.3418 209.8477  1.00271753 32328
EUTELSAT HOT BIRD 13C   
1 33459U 08065A   17279.92012784  .00000077  00000-0  00000+0 0  9995
2 33459   0.0221 347.2751 0004294 192.4569 180.2683  1.00271223 32411
EUTELSAT 48D            
1 33460U 08065B   17280.74007667  .00000113  00000-0  00000+0 0  9994
2 33460   0.0277  11.3329 0002828 208.2127 111.5383  1.00272231 32279
FENGYUN 2E              
1 33463U 08066A   17280.89944110 -.00000212  00000-0  00000+0 0  9998
2 33463   2.3891  67.6738 0005281 217.8965 141.7610  1.00271354 32250
EXPRESS-AM44            
1 33595U 09007A   17280.28439870 -.00000099  00000-0  00000+0 0  9998
2 33595   0.0218 307.0714 0000700 315.0748 205.3812  1.00272403 31728
NSS-9                   
1 33749U 09008A   17280.46239451  .00000062  00000-0  00000+0 0  9992
2 33749   0.0463  47.5937 0002489 146.1745 172.0706  1.00272346 31739
EUTELSAT 33E            
1 33750U 09008B   17280.65632124  .00000145  00000-0  00000+0 0  9991
2 33750   0.0455   2.6283 0005856 203.2429  79.9934  1.00270770 31763
TELSTAR 11N             
1 34111U 09009A   17280.82615648 -.00000261  00000-0  00000+0 0  9995
2 34111   0.0198 223.0246 0002394 308.2485 105.2573  1.00271190 31588
EUTELSAT 10A            
1 34710U 09016A   17280.40396458  .00000058  00000-0  00000+0 0  9990
2 34710   0.0671   5.2883 0004854 193.0202 333.3655  1.00270714 31133
SES-7 (PROTOSTAR 2)     
1 34941U 09027A   17279.88913257 -.00000355  00000-0  00000-0 0  9992
2 34941   0.0677  82.6370 0002381 158.3998 203.0775  1.00271156 30792
MEASAT-3A               
1 35362U 09032A   17279.70256863 -.00000252  00000-0  00000-0 0  9996
2 35362   0.0291 201.5294 0003342  11.3549 147.1264  1.00271187 30398
GOES 14                 
1 35491U 09033A   17280.24507250 -.00000104  00000-0  00000+0 0  9995
2 35491   0.3151 274.6403 0010416 306.9373 138.3747  1.00273134 30325
SIRIUS FM-5             
1 35493U 09034A   17280.85327249 -.00000211  00000-0  00000+0 0  9992
2 35493   0.0219 282.2442 0000590  99.7112 215.7867  1.00272589 30143
TERRESTAR-1             
1 35496U 09035A   17279.22890335 -.00000068  00000-0  00000-0 0  9997
2 35496   2.8126 346.7499 0002914 214.4094 145.3330  1.00271785 30339
ASIASAT 5               
1 35696U 09042A   17280.63521498 -.00000318  00000-0  00000+0 0  9992
2 35696   0.0116 253.3709 0001837 233.9241 218.3897  1.00270243 29830
JCSAT-RA (JCSAT-12)     
1 35755U 09044A   17280.59897286 -.00000355  00000-0  00000+0 0  9997
2 35755   0.0848  69.0257 0001466 129.6447 161.3559  1.00272012 29833
OPTUS D3                
1 35756U 09044B   17280.48938228 -.00000158  00000-0  00000+0 0  9999
2 35756   0.0158  47.6891 0002787 168.6119 132.1991  1.00268908 29802
PALAPA D                
1 35812U 09046A   17279.64314484 -.00000368  00000-0  00000+0 0  9995
2 35812   0.0320  77.5561 0002256 146.4204 136.0370  1.00272736 29833
NIMIQ 5                 
1 35873U 09050A   17280.84841056 -.00000268  00000-0  00000+0 0  9990
2 35873   0.0298 107.1744 0002281  95.8100  46.4536  1.00271905 29528
AMAZONAS 2              
1 35942U 09054A   17279.55535215 -.00000292  00000-0  00000+0 0  9991
2 35942   0.0333 138.6054 0004955  37.5883 338.1472  1.00274480 29340
COMSATBW-1              
1 35943U 09054B   17280.73521456  .00000014  00000-0  00000+0 0  9997
2 35943   0.0441  80.8132 0002511 136.1853 127.2935  1.00269669 29428
NSS-12                  
1 36032U 09058A   17279.79824842  .00000061  00000-0  00000-0 0  9993
2 36032   0.0374  76.4555 0002568 130.0315 153.5314  1.00272976 29092
THOR 6                  
1 36033U 09058B   17280.26785564 -.00000020  00000-0  00000+0 0  9990
2 36033   0.0241 140.2513 0002200  74.6445 256.8100  1.00272186 29138
INTELSAT 14 (IS-14)     
1 36097U 09064A   17280.08074055 -.00000284  00000-0  00000+0 0  9995
2 36097   0.0205 188.3321 0002705  11.8279 159.8293  1.00270333 28873
EUTELSAT 36B            
1 36101U 09065A   17280.79215948  .00000145  00000-0  00000+0 0  9993
2 36101   0.0681   6.6282 0004550 196.5050 134.5963  1.00269698 28970
INTELSAT 15 (IS-15)     
1 36106U 09067A   17280.72549610 -.00000196  00000-0  00000+0 0  9996
2 36106   0.0184 248.6721 0002535 318.0423 156.1906  1.00270975 28770
DIRECTV 12              
1 36131U 09075A   17280.52773753 -.00000114  00000-0  00000+0 0  9998
2 36131   0.0146 283.1638 0000224 323.3169 217.0880  1.00271661 28553
BEIDOU G1               
1 36287U 10001A   17280.44899758 -.00000292  00000-0  00000+0 0  9993
2 36287   1.4768   7.0026 0004506 175.6083 135.3278  1.00275193 28337
RADUGA-1M 2             
1 36358U 10002A   17280.72549610 -.00000195  00000-0  00000+0 0  9995
2 36358   0.0292 253.0650 0002472   5.8538 103.8600  1.00272317 28185
SDO                     
1 36395U 10005A   17280.25701644 -.00000049  00000-0  00000+0 0  9992
2 36395  28.8852 138.4261 0001448  93.6245 134.7627  1.00274358 28192
INTELSAT 16 (IS-16)     
1 36397U 10006A   17280.84354838 -.00000296  00000-0  00000+0 0  9993
2 36397   0.0186 159.5475 0001791  48.6934  54.0423  1.00272360 27900
GOES 15                 
1 36411U 10008A   17280.33121085  .00000079  00000-0  00000+0 0  9990
2 36411   0.2885 275.5245 0005069 272.5648 171.9338  1.00273769 27853
ECHOSTAR 14             
1 36499U 10010A   17279.96993840 -.00000010  00000-0  00000+0 0  9998
2 36499   0.0119 224.8309 0002856 331.8462  49.4383  1.00271526 27699
SES-1                   
1 36516U 10016A   17280.53190323 -.00000125  00000-0  00000+0 0  9991
2 36516   0.0437  58.0777 0002204 142.1380 266.6654  1.00271581 27300
ASTRA 3B                
1 36581U 10021A   17280.39910248  .00000127  00000-0  00000+0 0  9990
2 36581   0.0544 313.0846 0003024 244.5085 345.8214  1.00271557 26812
COMSATBW-2              
1 36582U 10021B   17280.32271799  .00000079  00000-0  00000+0 0  9991
2 36582   0.0179 243.4543 0002247 332.7479 289.3707  1.00273670 27155
BEIDOU G3               
1 36590U 10024A   17280.71368668 -.00000365  00000-0  00000+0 0  9997
2 36590   1.4243  28.6987 0006218 310.7102  44.6188  1.00274131 26941
BADR-5                  
1 36592U 10025A   17280.39910248  .00000134  00000-0  00000+0 0  9994
2 36592   0.0103 182.8805 0005127   9.6442 353.3913  1.00272180 27066
COMS 1                  
1 36744U 10032A   17279.84441446 -.00000354  00000-0  00000+0 0  9993
2 36744   0.0311 115.7395 0000848 109.9647 222.2098  1.00272266 26816
ARABSAT-5A              
1 36745U 10032B   17280.79215948  .00000143  00000-0  00000+0 0  9991
2 36745   0.0557   1.1485 0003124 191.4072 139.7551  1.00269729 26798
ECHOSTAR 15             
1 36792U 10034A   17280.48128817 -.00000292  00000-0  00000+0 0  9995
2 36792   0.0305  81.7526 0002169 118.1087 288.0894  1.00273568 26560
NILESAT 201             
1 36830U 10037A   17280.22748368 -.00000068  00000-0  00000+0 0  9993
2 36830   0.0426 172.8931 0004480   8.8807 269.1992  1.00271672 26453
RASCOM-QAF 1R           
1 36831U 10037B   17278.95072935  .00000009  00000-0  00000+0 0  9995
2 36831   0.0191 264.2110 0004725 309.2733 146.5167  1.00271681 26447
CHINASAT 6A (ZX 6A)     
1 37150U 10042A   17280.82879306 -.00000364  00000-0  00000+0 0  9997
2 37150   0.0335 145.1208 0001213  80.6395 214.3232  1.00269029 26079
QZS-1 (MICHIBIKI)       
1 37158U 10045A   17279.54216104 -.00000143  00000-0  00000+0 0  9991
2 37158  40.9267 157.7124 0747916 270.0251 278.5893  1.00297152 25873
XM-5                    
1 37185U 10053A   17280.52823823 -.00000215  00000-0  00000+0 0  9992
2 37185   0.0186 233.8656 0001603 126.9638 120.5171  1.00271620 25619
BSAT-3B                 
1 37207U 10056B   17280.71368668 -.00000361  00000-0  00000+0 0  9994
2 37207   0.0483 337.1827 0003172 287.2837 118.8806  1.00270050 25449
BEIDOU G4               
1 37210U 10057A   17280.80952331 -.00000121  00000-0  00000+0 0  9999
2 37210   0.8844  52.9733 0007158 173.8943 241.2607  1.00272261 25453
SKYTERRA 1              
1 37218U 10061A   17279.16107339 -.00000130  00000-0  00000-0 0  9990
2 37218   3.0900 332.0030 0004326 183.1002 176.6076  1.00271467 25363
ZHONGXING-20A           
1 37234U 10064A   17280.39007686 -.00000348  00000-0  00000+0 0  9992
2 37234   0.0424 117.2719 0001947 174.6232 354.6224  1.00269547 25192
HYLAS 1                 
1 37237U 10065A   17280.69837635 -.00000244  00000-0  00000+0 0  9999
2 37237   0.0567  41.4981 0001721 167.0901  25.8825  1.00269887 25170
INTELSAT 17 (IS-17)     
1 37238U 10065B   17280.85947866 -.00000013  00000-0  00000+0 0  9990
2 37238   0.0190 211.6852 0003067 349.1834 191.2467  1.00272467 25093
EUTELSAT KA-SAT 9A      
1 37258U 10069A   17278.93385352  .00000052  00000-0  00000-0 0  9991
2 37258   0.0420 268.9175 0002502 302.4246 148.6738  1.00271565 12200
HISPASAT 1E             
1 37264U 10070A   17280.42341002 -.00000226  00000-0  00000+0 0  9994
2 37264   0.0533 110.0908 0005368  75.1046 313.5239  1.00271439 24839
KOREASAT 6              
1 37265U 10070B   17280.45674383 -.00000372  00000-0  00000+0 0  9991
2 37265   0.0172 114.9041 0002307 100.6315  81.2059  1.00268391 24857
INTELSAT NEW DAWN       
1 37392U 11016A   17280.80728464  .00000145  00000-0  00000+0 0  9999
2 37392   0.0189 222.8731 0001418  25.3575  91.8547  1.00272412 23682
YAHSAT 1A               
1 37393U 11016B   17280.74007667  .00000090  00000-0  00000+0 0  9997
2 37393   0.0163 247.9628 0002374 318.4284 129.1446  1.00272612 23723
TELSTAR 14R             
1 37602U 11021A   17280.38553611 -.00000290  00000-0  00000+0 0  9994
2 37602   0.0407  57.7850 0001649 212.9300 181.3202  1.00271289 23956
GSAT-8                  
1 37605U 11022A   17280.73521456  .00000074  00000-0  00000+0 0  9998
2 37605   0.0863  95.5505 0006689 157.4689  83.3209  1.00273276 23400
ST-2                    
1 37606U 11022B   17280.44820894 -.00000222  00000-0  00000+0 0  9991
2 37606   0.0125 144.2059 0001881  70.6565  50.8029  1.00271057 23411
CHINASAT 10 (ZX 10)     
1 37677U 11026A   17280.45525424 -.00000362  00000-0  00000+0 0  9990
2 37677   0.0471 266.2649 0005204 276.5634 107.8902  1.00270230 23134
TIANLIAN 1-02           
1 37737U 11032A   17280.49592355  .00000021  00000-0  00000+0 0  9996
2 37737   2.8128  76.9288 0007635 164.7257 130.0125  1.00271152 22884
GSAT-12                 
1 37746U 11034A   17280.30096226 -.00000175  00000-0  00000+0 0  9995
2 37746   0.0712  95.4987 0005027  12.1294  99.8520  1.00270323 23123
SES-3                   
1 37748U 11035A   17280.52773916 -.00000112  00000-0  00000+0 0  9991
2 37748   0.0395  58.6604 0002146 144.8048 259.9144  1.00271461 22863
KAZSAT-2                
1 37749U 11035B   17280.89944111 -.00000209  00000-0  00000+0 0  9996
2 37749   0.0330 314.2688 0001378 284.4431 188.3421  1.00273111 22743
ASTRA 1N                
1 37775U 11041A   17280.39910248  .00000110  00000-0  00000+0 0  9991
2 37775   0.0653  41.6217 0001398  84.8957  52.6145  1.00272371 22569
BSAT-3C (JCSAT-110R)    
1 37776U 11041B   17279.88615610 -.00000361  00000-0  00000-0 0  9999
2 37776   0.0323 100.9929 0000324  23.9943 319.7575  1.00272111 18651
PAKSAT-1R               
1 37779U 11042A   17280.57479663  .00000143  00000-0  00000+0 0  9993
2 37779   0.0499 308.9259 0003228 251.2349  61.2159  1.00275034 22442
CHINASAT 1A (ZX 1A)     
1 37804U 11047A   17279.77700319 -.00000347  00000-0  00000-0 0  9990
2 37804   0.0317 154.3627 0002448  98.3747 172.6680  1.00273118 22242
COSMOS 2473             
1 37806U 11048A   17280.00535326 -.00000117  00000-0  00000+0 0  9999
2 37806   0.0506 104.8194 0002820 130.8477 128.6359  1.00273395 22239
SES-2                   
1 37809U 11049A   17280.52823823 -.00000206  00000-0  00000+0 0  9991
2 37809   0.0422  66.6152 0002491 128.7411 284.1924  1.00271655 22183
ARABSAT-5C              
1 37810U 11049B   17280.39910248  .00000113  00000-0  00000+0 0  9992
2 37810   0.0641  16.0789 0002650 176.3585 347.4796  1.00273717 22070
EUTELSAT 7 WEST A       
1 37816U 11051A   17278.97904313 -.00000070  00000-0  00000+0 0  9991
2 37816   0.0833  45.3187 0006098 155.4854 159.2020  1.00272272 22123
QUETZSAT 1              
1 37826U 11054A   17280.52754380 -.00000252  00000-0  00000+0 0  9998
2 37826   0.0452  47.2676 0002549 141.0154 301.0082  1.00270033 22269
INTELSAT 18 (IS-18)     
1 37834U 11056A   17280.51615185  .00000043  00000-0  00000+0 0  9994
2 37834   0.0192 230.5163 0002137 329.9043 181.7653  1.00272067 22024
EUTELSAT 16A            
1 37836U 11057A   17280.40396458  .00000094  00000-0  00000+0 0  9990
2 37836   0.0683  15.4077 0004326 185.9327 336.3331  1.00273364 21955
VIASAT-1                
1 37843U 11059A   17280.50932319 -.00000034  00000-0  00000+0 0  9998
2 37843   0.0204 223.9394 0002789 331.9482 248.7341  1.00271929 22443
ASIASAT 7               
1 37933U 11069A   17280.63043080 -.00000344  00000-0  00000+0 0  9995
2 37933   0.0509 108.8598 0001584  60.3462 179.7255  1.00269133 21621
LUCH 5A                 
1 37951U 11074B   17280.48452034 -.00000052  00000-0  00000+0 0  9993
2 37951   1.6052 170.7482 0002569  43.6460 143.5093  1.00275465 21351
NIGCOMSAT 1R            
1 38014U 11077A   17280.38938421  .00000135  00000-0  00000+0 0  9996
2 38014   0.0103 108.3553 0001454  72.3213  18.2286  1.00266639 21192
FENGYUN 2F              
1 38049U 12002A   17280.45629785 -.00000365  00000-0  00000+0 0  9997
2 38049   1.9372  78.1536 0003867 228.5174 345.7161  1.00268041 21058
SES-4                   
1 38087U 12007A   17280.10785983 -.00000178  00000-0  00000+0 0  9991
2 38087   0.0255 321.6811 0002155 240.2406 190.8731  1.00271385 20652
BEIDOU G5               
1 38091U 12008A   17279.90254323  .00000048  00000-0  00000-0 0  9998
2 38091   2.4001  57.9024 0003810 208.5180 132.9095  1.00272356 20639
INTELSAT 22 (IS-22)     
1 38098U 12011A   17279.75643721 -.00000069  00000-0  00000-0 0  9990
2 38098   0.0217  73.0715 0002039 120.4131 166.5415  1.00272427 19990
APSTAR 7                
1 38107U 12013A   17280.72549610 -.00000113  00000-0  00000+0 0  9993
2 38107   0.0048 149.8182 0002554  46.3053 158.1520  1.00272466 20331
YAHSAT 1B               
1 38245U 12016A   17279.82422767  .00000116  00000-0  00000-0 0  9994
2 38245   0.0224 204.4640 0001569   4.0406 151.4868  1.00270166 13782
JCSAT-13                
1 38331U 12023A   17280.60983597 -.00000367  00000-0  00000+0 0  9997
2 38331   0.0354  88.7724 0002534 130.3853 140.8556  1.00272352 19747
VINASAT-2               
1 38332U 12023B   17280.71924372 -.00000339  00000-0  00000+0 0  9995
2 38332   0.0141 191.5884 0002077  12.5676 203.1567  1.00270235 19785
NIMIQ 6                 
1 38342U 12026A   17279.21122565 -.00000184  00000-0  00000+0 0  9994
2 38342   0.0224 102.9018 0002746  87.4246 169.6990  1.00272536 19759
CHINASAT 2A (ZX 2A)     
1 38352U 12028A   17280.58313264 -.00000303  00000-0  00000+0 0  9990
2 38352   0.0463 107.8344 0003619 203.9697  12.8240  1.00270509 19807
INTELSAT 19 (IS-19)     
1 38356U 12030A   17280.49353243 -.00000066  00000-0  00000+0 0  9994
2 38356   0.0256  75.2599 0002883 126.5981 158.1613  1.00272601 19688
ECHOSTAR 17             
1 38551U 12035A   17279.25551896 -.00000085  00000-0  00000+0 0  9993
2 38551   0.0230 198.0288 0002052 359.2488 162.7154  1.00269458 19284
METEOSAT-10 (MSG-3)     
1 38552U 12035B   17279.95579369 -.00000015  00000-0  00000+0 0  9999
2 38552   0.8373   6.0830 0001538 218.4496 135.4864  1.00264349 19385
SES-5                   
1 38652U 12036A   17280.05046022  .00000024  00000-0  00000+0 0  9998
2 38652   0.0472 263.3384 0001977 296.5949 199.1264  1.00271977 19237
TIANLIAN 1-03           
1 38730U 12040A   17278.92958796  .00000062  00000-0  00000+0 0  9995
2 38730   0.0433 221.5497 0003795 318.8368 179.6440  1.00270327 19142
INTELSAT 20 (IS-20)     
1 38740U 12043A   17280.76356474 -.00000035  00000-0  00000+0 0  9990
2 38740   0.0310 177.2572 0002307   5.7008 177.0407  1.00269861 19000
HYLAS 2                 
1 38741U 12043B   17279.87020596  .00000144  00000-0  00000-0 0  9995
2 38741   0.0122 249.8929 0002088 299.0155 171.1194  1.00271043 18924
INTELSAT 21 (IS-21)     
1 38749U 12045A   17279.11951094 -.00000295  00000-0  00000+0 0  9995
2 38749   0.0126 239.5965 0002485 316.3351 164.0917  1.00272875 18797
ASTRA 2F                
1 38778U 12051A   17279.87800856  .00000140  00000-0  00000-0 0  9995
2 38778   0.0586 229.8473 0004724 343.6251 146.5294  1.00272193  9320
GSAT-10                 
1 38779U 12051B   17280.72341188 -.00000176  00000-0  00000+0 0  9999
2 38779   0.0432 101.8030 0000900  91.9777 166.2484  1.00271066 18460
INTELSAT 23 (IS-23)     
1 38867U 12057A   17279.10566221 -.00000294  00000-0  00000+0 0  9991
2 38867   0.0292 250.2755 0002046 298.9134 170.8384  1.00272241 18268
BEIDOU G6               
1 38953U 12059A   17280.72549610 -.00000185  00000-0  00000+0 0  9991
2 38953   1.8818  79.9268 0006242 162.9504 118.8898  1.00271111 18217
LUCH 5B                 
1 38977U 12061A   17280.54470218 -.00000138  00000-0  00000+0 0  9995
2 38977   3.7615  73.7629 0001769 126.1731 356.3212  1.00272420 18342
YAMAL 300K              
1 38978U 12061B   17279.77479993  .00000061  00000-0  00000+0 0  9992
2 38978   0.0204 214.2260 0000986  49.2100 214.0402  1.00271837 18033
STAR ONE C3             
1 38991U 12062A   17280.44907274 -.00000260  00000-0  00000+0 0  9994
2 38991   0.0939  82.7723 0002659 131.2848 248.9124  1.00273403 18022
EUTELSAT 21B            
1 38992U 12062B   17278.89911614  .00000120  00000-0  00000+0 0  9998
2 38992   0.0680  13.8329 0002046 187.6035 158.5859  1.00272542 18020
ECHOSTAR 16             
1 39008U 12065A   17280.12651114 -.00000292  00000-0  00000+0 0  9996
2 39008   0.0206 197.0587 0002251   2.4845 160.4482  1.00269830 17978
CHINASAT 12 (ZX 12)     
1 39017U 12067A   17280.44820894 -.00000217  00000-0  00000+0 0  9993
2 39017   0.0174 144.3804 0002924  66.1870  54.6051  1.00271153 17877
EUTELSAT 70B            
1 39020U 12069A   17279.76085171 -.00000054  00000-0  00000-0 0  9993
2 39020   0.0757  38.6771 0002383 154.2897 167.0585  1.00273063 17663
YAMAL 402               
1 39022U 12070A   17280.80239992  .00000075  00000-0  10000-3 0  9992
2 39022   0.0137 271.4288 0003134 294.5024 154.4847  1.00272571 17778
SKYNET 5D               
1 39034U 12075A   17280.74007667  .00000089  00000-0  00000+0 0  9995
2 39034   0.0721  11.8958 0004004 188.4399 135.4188  1.00272547 17683
MEXSAT 3                
1 39035U 12075B   17280.27409383 -.00000036  00000-0  00000+0 0  9998
2 39035   0.0092 224.6595 0002482 334.2307 161.1323  1.00270820 17649
TDRS 11                 
1 39070U 13004A   17279.34479969  .00000078  00000-0  00000+0 0  9998
2 39070   5.2507 328.5666 0009471 283.9879  75.7558  1.00265719 17144
AMAZONAS 3              
1 39078U 13006A   17279.12769233 -.00000292  00000-0  00000-0 0  9990
2 39078   0.0237 199.3273 0005594  17.6937 142.9716  1.00271657 13048
AZERSPACE 1             
1 39079U 13006B   17279.82873696  .00000123  00000-0  00000-0 0  9999
2 39079   0.0243 112.3900 0001928 109.1301 138.4968  1.00272644 16967
EUTELSAT 117 WEST A     
1 39122U 13012A   17279.28242868 -.00000023  00000-0  00000+0 0  9995
2 39122   0.0346  93.6683 0002589 112.2107 154.1392  1.00272856 16626
ANIK G1                 
1 39127U 13014A   17279.25602923 -.00000084  00000-0  00000+0 0  9998
2 39127   0.0196 255.5299 0002122 316.9290 147.5592  1.00271931 16413
CHINASAT 11 (ZX 11)     
1 39157U 13020A   17279.31091054 -.00000300  00000-0  00000+0 0  9993
2 39157   0.0212 254.6074 0002099  22.5739 307.9214  1.00269628 16308
EUTELSAT 7B             
1 39163U 13022A   17279.93674479  .00000038  00000-0  00000+0 0  9995
2 39163   0.0624  29.5997 0001813 296.1710  34.2492  1.00272595 16154
SES-6                   
1 39172U 13026A   17280.06827062 -.00000271  00000-0  00000+0 0  9993
2 39172   0.0423 309.7948 0002656 264.3554 145.8643  1.00271386 15893
IRNSS-1A                
1 39199U 13034A   17278.12267070  .00000124  00000-0  00000+0 0  9998
2 39199  28.9960 113.1363 0019794 176.1023 184.0521  1.00269602 15794
ALPHASAT                
1 39215U 13038A   17278.96801763  .00000129  00000-0  00000-0 0  9992
2 39215   1.7787  28.0782 0002299 170.9864 189.1294  1.00273591 12203
INSAT-3D                
1 39216U 13038B   17279.72848810 -.00000167  00000-0  00000+0 0  9994
2 39216   0.0604  91.9277 0001238 143.8308 124.2612  1.00271958 15466
EUTELSAT 25B            
1 39233U 13044A   17279.88552647  .00000133  00000-0  00000-0 0  9990
2 39233   0.0260 347.9405 0001883 224.4063 147.6417  1.00268438 14796
GSAT-7                  
1 39234U 13044B   17279.75110372 -.00000087  00000-0  00000-0 0  9991
2 39234   0.0310 238.1611 0004068   4.5439 117.2852  1.00271232 13516
AMOS-4                  
1 39237U 13045A   17279.77609678 -.00000003  00000-0  00000-0 0  9997
2 39237   0.0155 179.3825 0001490  46.4529 134.1839  1.00273660 15118
ASTRA 2E                
1 39285U 13056A   17279.87720070  .00000140  00000-0  00000-0 0  9994
2 39285   0.0710 332.0161 0002443 216.7977 171.2133  1.00270016 14623
SIRIUS FM-6             
1 39360U 13058A   17279.28065690 -.00000027  00000-0  00000+0 0  9999
2 39360   0.0203 249.8575 0000368 195.6377 274.5401  1.00273252 14508
RADUGA-1M 3             
1 39375U 13062A   17280.84275133 -.00000050  00000-0  00000+0 0  9995
2 39375   0.0107 211.1273 0001563  22.6217 156.3558  1.00273203 14308
SES-8                   
1 39460U 13071A   17278.69573659 -.00000279  00000-0  00000-0 0  9998
2 39460   0.0149 241.4760 0002018 287.4281 191.1309  1.00269712 12662
INMARSAT 5-F1           
1 39476U 13073A   17279.90412753  .00000018  00000-0  00000+0 0  9998
2 39476   0.0068 266.7789 0000610 347.9286 149.1598  1.00271755 14095
TKSAT-1 (TUPAC KATARI)  
1 39481U 13075A   17280.05535343 -.00000205  00000-0  00000+0 0  9994
2 39481   0.0243  45.3437 0001626 141.4314 121.8868  1.00272532 14006
EXPRESS-AM5             
1 39487U 13077A   17280.44899758 -.00000290  00000-0  00000+0 0  9992
2 39487   0.0333 309.6587 0001657 342.6605  25.6545  1.00270784 14534
GSAT-14                 
1 39498U 14001A   17280.74835566 -.00000088  00000-0  00000+0 0  9997
2 39498   0.0125 180.7642 0002924 339.2609 200.0178  1.00270555 13759
THAICOM 6               
1 39500U 14002A   17280.72549610 -.00000132  00000-0  00000+0 0  9992
2 39500   0.0607 124.0511 0003868  53.2143 178.9891  1.00271205 13699
TDRS 12                 
1 39504U 14004A   17279.00547506 -.00000285  00000-0  00000+0 0  9998
2 39504   5.8596 335.9714 0003398 292.5941  67.2647  1.00267181 13601
ABS-2                   
1 39508U 14006A   17279.74852621 -.00000096  00000-0  00000+0 0  9992
2 39508   0.0398  54.4426 0002602 153.2133 152.3617  1.00272131 13488
ATHENA-FIDUS            
1 39509U 14006B   17279.85138876  .00000144  00000-0  00000+0 0  9997
2 39509   0.0199 213.6199 0001542   1.2149 145.1551  1.00269417 13665
TURKSAT 4A              
1 39522U 14007A   17279.83972877  .00000136  00000-0  00000-0 0  9990
2 39522   0.0530 269.9487 0004131 319.5490 130.4979  1.00269688 13159
EXPRESS-AT1             
1 39612U 14010A   17279.09702238  .00000068  00000-0  00000+0 0  9997
2 39612   0.0297 320.2768 0000154 254.2259 251.4468  1.00275668 13209
EXPRESS-AT2             
1 39613U 14010B   17280.44899758 -.00000292  00000-0  00000+0 0  9993
2 39613   0.0318 307.3655 0000570 322.9427  47.4812  1.00271317 13042
AMAZONAS 4A             
1 39616U 14011A   17280.12507630 -.00000293  00000-0  00000+0 0  9998
2 39616   0.0038  40.9012 0001887 115.6556 203.4519  1.00272784 13039
ASTRA 5B                
1 39617U 14011B   17280.39424314  .00000144  00000-0  00000+0 0  9999
2 39617   0.0542 315.7982 0003884 235.5850 358.3134  1.00274812 13034
IRNSS-1B                
1 39635U 14017A   17279.61816049  .00000069  00000-0  00000+0 0  9994
2 39635  28.8835 293.1390 0021727 190.0392 169.9065  1.00276392 12966
LUCH 5V                 
1 39727U 14023A   17280.45335128 -.00000281  00000-0  00000+0 0  9998
2 39727   2.4933 298.8535 0002058 291.5528  43.7555  1.00267805530688
KAZSAT-3                
1 39728U 14023B   17279.79411140  .00000051  00000-0  00000+0 0  9997
2 39728   0.0227  93.9518 0000281 204.5435  61.5334  1.00271803 12604
EUTELSAT 3B             
1 39773U 14030A   17280.40882689  .00000010  00000-0  00000+0 0  9990
2 39773   0.0883 323.0906 0004503 238.6357 324.8118  1.00272340 12389
ASIASAT 8               
1 40107U 14046A   17279.96694598 -.00000043  00000-0  00000+0 0  9996
2 40107   0.0188 154.2748 0002259  44.3022 161.4463  1.00270671 11668
ASIASAT 6               
1 40141U 14052A   17280.82896666 -.00000373  00000-0  00000+0 0  9994
2 40141   0.0446  84.5730 0000823 106.5077 243.9365  1.00272866 11334
OPTUS 10                
1 40146U 14054A   17279.50183430 -.00000084  00000-0  00000+0 0  9991
2 40146   0.1111  19.9057 0001558 172.9293 167.1923  1.00271896 11289
MEASAT-3B               
1 40147U 14054B   17280.69989523 -.00000252  00000-0  00000+0 0  9998
2 40147   0.0403  43.7785 0001195 199.2408 117.0001  1.00271266 11342
LUCH (OLYMP)            
1 40258U 14058A   17279.88101449  .00000146  00000-0  00000-0 0  9999
2 40258   0.0222 252.9839 0000388  16.5177  96.1403  1.00274118 11101
HIMAWARI-8              
1 40267U 14060A   17280.56375853 -.00000286  00000-0  00000+0 0  9996
2 40267   0.0254 139.6815 0001418  83.1926 137.1465  1.00270101 11032
IRNSS-1C                
1 40269U 14061A   17280.40490052 -.00000173  00000-0  00000+0 0  9996
2 40269   2.8173 245.2795 0021799   7.9694 351.7159  1.00268574 10983
INTELSAT 30 (IS-30)     
1 40271U 14062A   17280.33415243 -.00000160  00000-0  00000+0 0  9997
2 40271   0.0198 210.0717 0001769 246.8370 304.4993  1.00266620 10933
ARSAT 1                 
1 40272U 14062B   17280.48406950 -.00000270  00000-0  00000+0 0  9991
2 40272   0.0096 213.6717 0001422 353.2684 271.8738  1.00272032 11059
EXPRESS-AM6             
1 40277U 14064A   17280.87367514  .00000087  00000-0  00000+0 0  9998
2 40277   0.0365 318.2486 0000708 316.0902 109.9154  1.00271477 10845
GSAT-16                 
1 40332U 14078A   17280.80111528  .00000074  00000-0  00000+0 0  9996
2 40332   0.0568  99.5774 0004551  19.2286 241.2711  1.00270736 10439
DIRECTV 14              
1 40333U 14078B   17280.53764635 -.00000136  00000-0  00000+0 0  9990
2 40333   0.0179 259.1392 0000991  72.4006 139.1698  1.00272130 10410
YAMAL 401               
1 40345U 14082A   17280.25140476 -.00000238  00000-0  00000+0 0  9991
2 40345   0.0148 144.1536 0001131 140.2594 272.1476  1.00270600 10574
ASTRA 2G                
1 40364U 14089A   17279.87801753  .00000140  00000-0  00000+0 0  9998
2 40364   0.0046  16.1005 0001949  89.9763 253.9447  1.00267473 10181
FENGYUN 2G              
1 40367U 14090A   17280.45319715 -.00000340  00000-0  00000+0 0  9994
2 40367   0.2366 234.9310 0003341  41.2057   8.0294  1.00267923 10207
INMARSAT 5-F2           
1 40384U 15005A   17280.49430354 -.00000296  00000-0  00000+0 0  9997
2 40384   0.0207 223.0095 0000183 225.2317  51.0528  1.00271442  9848
ABS-3A                  
1 40424U 15010A   17278.96713689 -.00000036  00000-0  00000+0 0  9994
2 40424   0.0189 204.5912 0002334 267.4743 247.9593  1.00269530  9567
EUTELSAT 115 WEST B     
1 40425U 15010B   17279.27709368 -.00000035  00000-0  00000+0 0  9998
2 40425   0.0017  24.7206 0000296 357.7934 337.4873  1.00270490  9592
EXPRESS-AM7             
1 40505U 15012A   17280.84638028  .00000140  00000-0  00000+0 0  9994
2 40505   0.0010 139.4962 0002385  50.2999 171.5974  1.00273848  9537
IRNSS-1D                
1 40547U 15018A   17279.46159008 -.00000312  00000-0  00000+0 0  9990
2 40547  28.8663 293.2660 0020411 188.5404 171.4154  1.00269150  9401
THOR 7                  
1 40613U 15022A   17278.96067297 -.00000018  00000-0  00000+0 0  9994
2 40613   0.0102 192.3187 0002742 358.5682 169.1381  1.00272484  8973
TURKMENALEM52E/MONACOSAT
1 40617U 15023A   17279.81202485  .00000094  00000-0  00000-0 0  9998
2 40617   0.0138 183.6350 0002188  10.7969 165.5619  1.00270584  8995
DIRECTV 15              
1 40663U 15026A   17280.24077748 -.00000113  00000-0  00000+0 0  9995
2 40663   0.0215 183.5431 0000255 333.2338 203.2243  1.00268354  8701
SKY MEXICO-1            
1 40664U 15026B   17279.17712980 -.00000244  00000-0  00000+0 0  9995
2 40664   0.0133 243.1951 0002563 300.7107 176.1232  1.00272663  8690
METEOSAT-11 (MSG-4)     
1 40732U 15034A   17279.61656588 -.00000039  00000-0  00000-0 0  9993
2 40732   1.6408 234.3289 0001120  20.6581 338.8553  1.00271629  8207
STAR ONE C4             
1 40733U 15034B   17280.14999940 -.00000275  00000-0  00000+0 0  9997
2 40733   0.0137  83.6477 0001902 159.8212 116.5116  1.00268625  8206
INTELSAT 34 (IS-34)     
1 40874U 15039A   17280.10988386 -.00000295  00000-0  00000+0 0  9998
2 40874   0.0208 224.6390 0000411   6.6812 128.7078  1.00275493  7843
EUTELSAT 8 WEST B       
1 40875U 15039B   17278.98104158 -.00000075  00000-0  00000+0 0  9995
2 40875   0.0678   2.0895 0002618 204.2687 153.6594  1.00271865  7849
GSAT-6                  
1 40880U 15041A   17280.72321888 -.00000176  00000-0  00000+0 0  9992
2 40880   0.0997  92.9521 0009143 164.1754 102.8024  1.00271706  7806
INMARSAT 5-F3           
1 40882U 15042A   17279.45860208  .00000041  00000-0  00000+0 0  9997
2 40882   0.0245 211.3463 0000770 314.9122 193.7436  1.00272730  7711
TJS-1                   
1 40892U 15046A   17279.78938344 -.00000165  00000-0  00000-0 0  9994
2 40892   0.0814 279.8762 0006277  78.8033  96.1864  1.00275745  7710
EXPRESS-AM8             
1 40895U 15048A   17280.90184907 -.00000122  00000-0  00000+0 0  9995
2 40895   0.0201 310.3098 0000628 334.1015  43.0005  1.00271770  7541
SKY MUSTER (NBN1A)      
1 40940U 15054A   17279.56765467 -.00000288  00000-0  00000+0 0  9992
2 40940   0.0113 240.2354 0001952 317.7396 162.0495  1.00271779  7443
ARSAT 2                 
1 40941U 15054B   17279.18321552 -.00000235  00000-0  00000+0 0  9996
2 40941   0.0097 223.2319 0001776 339.0642 157.7274  1.00271925  7474
MORELOS 3               
1 40946U 15056A   17279.18653764 -.00000061  00000-0  00000+0 0  9993
2 40946   6.2828 329.2004 0001666 183.3320 176.5551  1.00272330  7443
APSTAR 9                
1 40982U 15059A   17280.55994908 -.00000276  00000-0  00000+0 0  9995
2 40982   0.0450  92.5237 0001508 150.7446 116.7480  1.00271082  7323
TURKSAT 4B              
1 40984U 15060A   17279.81758314  .00000105  00000-0  00000-0 0  9996
2 40984   0.0183 202.3173 0002401 355.7858 161.8883  1.00267435  7274
CHINASAT 2C (ZX 2C)     
1 41021U 15063A   17280.89399284 -.00000335  00000-0  00000+0 0  9994
2 41021   0.0173 135.6618 0002716 158.4846 147.8708  1.00270688  7186
GSAT-15                 
1 41028U 15065A   17280.69440293 -.00000269  00000-0  00000+0 0  9994
2 41028   0.0366 127.4268 0002148  80.1383 152.4552  1.00272855  7034
BADR-7 (ARABSAT-6B)     
1 41029U 15065B   17278.88673203  .00000135  00000-0  00000+0 0  9993
2 41029   0.0596 257.0898 0005328 326.5381 136.3608  1.00269761  7065
LAOSAT 1                
1 41034U 15067A   17280.59742080 -.00000353  00000-0  00000+0 0  9995
2 41034   0.0467  67.2176 0001608 107.0751 185.7407  1.00269938  7014
TELSTAR 12V             
1 41036U 15068A   17279.99766826 -.00000129  00000-0  00000+0 0  9995
2 41036   0.0216 194.9461 0001997   5.8218 159.2240  1.00269810  6892
CHINASAT 1C (ZX 1C)     
1 41103U 15073A   17280.53868634 -.00000162  00000-0  00000+0 0  9995
2 41103   0.0184 142.7615 0004489 129.4377  19.6721  1.00272339  6838
ELEKTRO-L 2             
1 41105U 15074A   17280.73000823 -.00000107  00000-0  00000+0 0  9997
2 41105   0.0746 305.5668 0002888 311.2374  98.5209  1.00272014  6680
COSMOS 2513             
1 41121U 15075A   17280.29428876 -.00000148  00000-0  00000+0 0  9994
2 41121   0.0676 112.8408 0003725 116.1477 333.3484  1.00271418  6769
EXPRESS-AMU1            
1 41191U 15082A   17279.83110245  .00000146  00000-0  00000+0 0  9992
2 41191   0.0121 185.1616 0001898 358.3907 167.4926  1.00276470  6661
GAOFEN 4                
1 41194U 15083A   17280.45094256 -.00000345  00000-0  00000+0 0  9991
2 41194   0.1071 101.7140 0004031 136.9778  45.6904  1.00271335  6650
BELINTERSAT-1           
1 41238U 16001A   17280.19216045  .00000096  00000-0  00000+0 0  9996
2 41238   0.0177 120.9918 0001480  29.0870 346.6461  1.00273937  6439
IRNSS-1E                
1 41241U 16003A   17279.95881543 -.00000262  00000-0  00000+0 0  9991
2 41241  28.9601 112.7559 0018597 178.6951 181.4340  1.00272878  6357
INTELSAT 29E (IS-29E)   
1 41308U 16004A   17279.09737676 -.00000292  00000-0  00000+0 0  9991
2 41308   0.0245 247.7139 0001869 301.1887 171.1251  1.00272692  6311
EUTELSAT 9B             
1 41310U 16005A   17278.93383516  .00000052  00000-0  00000+0 0  9990
2 41310   0.0619  95.4902 0004618 165.3139  99.1748  1.00272346  6260
SES-9                   
1 41380U 16013A   17279.65613863 -.00000355  00000-0  00000-0 0  9995
2 41380   0.0332 288.5439 0001314 240.6545 190.8358  1.00272019  5652
EUTELSAT 65 WEST A      
1 41382U 16014A   17280.13673102 -.00000286  00000-0  00000+0 0  9997
2 41382   0.0270 343.9101 0002012 222.4663 153.6134  1.00272181  5819
IRNSS-1F                
1 41384U 16015A   17280.59190333  .00000143  00000-0  00000+0 0  9991
2 41384   3.9318 262.2891 0019108 187.5434 172.1103  1.00271699  5866
IRNSS-1G                
1 41469U 16027A   17279.33007568 -.00000351  00000-0  00000-0 0  9998
2 41469   4.0055 263.7686 0004484 209.7724 149.8615  1.00279530  5353
JCSAT 2B                
1 41471U 16028A   17279.52950694 -.00000175  00000-0  00000+0 0  9993
2 41471   0.0235 201.0275 0002079   0.4742 158.4896  1.00271012  5247
THAICOM 8               
1 41552U 16031A   17278.74148618 -.00000131  00000-0  00000-0 0  9998
2 41552   0.0670  42.1046 0000481 356.6946 321.2349  1.00271910  4875
INTELSAT 31 (IS-31)     
1 41581U 16035A   17279.22217528 -.00000160  00000-0  00000+0 0  9996
2 41581   0.0204 234.9825 0001580 347.4394 137.5971  1.00270442  4858
BEIDOU G7               
1 41586U 16037A   17279.45246844 -.00000258  00000-0  00000+0 0  9999
2 41586   1.0747 323.9274 0003488 269.8269  89.0005  1.00273656  4950
ABS-2A (MONGOLSAT-1)    
1 41588U 16038A   17279.74929884 -.00000094  00000-0  00000-0 0  9995
2 41588   0.0160 168.3545 0001937 309.1923 242.5042  1.00270693  4870
EUTELSAT 117 WEST B     
1 41589U 16038B   17279.28298154 -.00000022  00000-0  00000+0 0  9994
2 41589   0.0306  45.4426 0000600 329.8111 344.7793  1.00271666  4879
BRISAT                  
1 41591U 16039A   17279.53921157 -.00000206  00000-0  00000+0 0  9996
2 41591   0.0131 239.1723 0002352 313.9146 166.9383  1.00272312  4809
ECHOSTAR 18             
1 41592U 16039B   17279.12875929 -.00000292  00000-0  00000+0 0  9992
2 41592   0.0326 105.7808 0002242 102.7819 151.4561  1.00270952  4789
TIANTONG-1 1            
1 41725U 16048A   17280.89520750 -.00000332  00000-0  00000+0 0  9990
2 41725   4.4314 325.4986 0003161 316.4658 158.4468  1.00270807  4441
JCSAT-16                
1 41729U 16050A   17280.50444840 -.00000102  00000-0  00000+0 0  9995
2 41729   0.0232 201.7194 0001968 359.6826 158.5897  1.00270824  4246
INTELSAT 36 (IS-36)     
1 41747U 16053A   17279.76634110 -.00000034  00000-0  00000+0 0  9999
2 41747   0.0121 232.4184 0003071 100.2634  27.3021  1.00270294  4138
INTELSAT 33E (IS-33E)   
1 41748U 16053B   17279.78987633  .00000040  00000-0  00000+0 0  9999
2 41748   0.0084 129.5572 0003359  79.1978 151.2265  1.00269421  4382
INSAT-3DR               
1 41752U 16054A   17279.75092690 -.00000087  00000-0  00000-0 0  9995
2 41752   0.0402 116.7081 0008057 146.5541  96.6781  1.00271081  3973
GSAT-18                 
1 41793U 16060A   17279.75136435 -.00000087  00000-0  00000-0 0  9993
2 41793   0.0634 105.3259 0005528 354.7840 259.9837  1.00272036  3697
SKY MUSTER 2            
1 41794U 16060B   17279.55502847 -.00000254  00000-0  00000-0 0  9992
2 41794   0.0133 243.9267 0001694 312.4597 163.6395  1.00272333  3689
HIMAWARI-9              
1 41836U 16064A   17280.56350285 -.00000285  00000-0  00000+0 0  9996
2 41836   0.0111 214.1203 0001294 341.7531 164.1225  1.00271528  3471
SHIJIAN-17 (SJ-17)      
1 41838U 16065A   17279.84419339 -.00000367  00000-0  00000-0 0  9996
2 41838   0.2031 100.1794 0000097  83.0097 256.0281  1.00067070  3397
GOES 16                 
1 41866U 16071A   17280.20346663 -.00000194  00000-0  00000+0 0  9992
2 41866   0.0288  42.6933 0001071 205.4546 111.8723  1.00272093  3276
TIANLIAN 1-04           
1 41869U 16072A   17280.67081588 -.00000121  00000-0  00000+0 0  9999
2 41869   2.4291 289.0035 0011024 167.8821 238.1055  1.00272665  3484
FENGYUN 4A              
1 41882U 16077A   17280.58313264 -.00000341  00000-0  00000+0 0  9992
2 41882   0.2037 273.4281 0004698 222.5209 195.0893  1.00273556  3145
ECHOSTAR 19             
1 41893U 16079A   17279.22783211 -.00000148  00000-0  00000+0 0  9993
2 41893   0.0225 193.6206 0001552   1.2066 165.1682  1.00270008  2897
STAR ONE D1             
1 41904U 16082B   17279.19157976 -.00000221  00000-0  00000+0 0  9991
2 41904   0.0196 138.5542 0002612  85.0295 136.4268  1.00273401  2947
TJS-2                   
1 41911U 17001A   17280.44773101 -.00000353  00000-0  00000+0 0  9991
2 41911   0.4456 278.5333 0001279  43.1384 323.3638  1.00273417  2892
HISPASAT 36W-1          
1 41942U 17006A   17279.05846583 -.00000254  00000-0  00000+0 0  9990
2 41942   0.0429  34.5222 0000976 154.7498 170.7571  1.00271541  2680
TELKOM 3S               
1 41944U 17007A   17280.62646744 -.00000373  00000-0  00000+0 0  9997
2 41944   0.0102 162.9908 0002503  51.1628 145.8619  1.00272683  2381
INTELSAT 32E (IS-32E)   
1 41945U 17007B   17280.07575926 -.00000279  00000-0  00000+0 0  9995
2 41945   0.0245 201.0361 0001419 339.4815 179.4823  1.00270680  2412
ECHOSTAR 23             
1 42070U 17014A   17279.08324658 -.00000283  00000-0  00000-0 0  9992
2 42070   0.0225 201.9568 0002125 352.8831 165.1539  1.00269663  2099
SES-10                  
1 42432U 17017A   17280.14142861 -.00000283  00000-0  00000+0 0  9999
2 42432   0.0118 221.6340 0002928 347.2788 151.0710  1.00270899  1940
CHINASAT 16 (SJ-13)     
1 42662U 17018A   17280.64707165 -.00000363  00000-0  00000+0 0  9993
2 42662   0.0268 108.1461 0007890 122.3162 129.4998  1.00271157  1917
KOREASAT 7              
1 42691U 17023A   17279.63513869 -.00000372  00000-0  00000+0 0  9994
2 42691   0.0223 109.4395 0001709  70.9375 179.6543  1.00273587  1605
SGDC                    
1 42692U 17023B   17280.16348711 -.00000260  00000-0  00000+0 0  9993
2 42692   0.0499  45.0998 0002807 152.5675 162.3546  1.00273022  1612
GSAT-9                  
1 42695U 17024A   17279.68655530 -.00000297  00000-0  00000+0 0  9992
2 42695   0.0496 263.2258 0001971 276.2417 180.5640  1.00272922  1596
INMARSAT 5-F4           
1 42698U 17025A   17280.72208529 -.00000180  00000-0  00000+0 0  9996
2 42698   0.0239 212.3210 0000158  41.9960 105.6813  1.00269809  1458
GSAT-19                 
1 42747U 17031A   17280.72486364 -.00000170  00000-0  00000+0 0  9992
2 42747   0.0410 100.9250 0002050 105.6723 153.4238  1.00270426  1312
ECHOSTAR 21             
1 42749U 17032A   17278.81678849  .00000044  00000-0  00000-0 0  9993
2 42749   7.3065 319.1102 0003372 227.6375 132.2290  1.00273012  1267
CHINASAT 9A (ZX 9A)     
1 42763U 17035A   17279.28198747 -.00000323  00000-0  00000+0 0  9998
2 42763   0.0096 210.6984 0002547 300.9235  66.4958  1.00271152  1805
BULGARIASAT-1           
1 42801U 17038A   17278.95359857  .00000001  00000-0  00000-0 0  9991
2 42801   0.0243 124.9609 0002213  83.2777 151.7803  1.00270539   999
HELLAS-SAT 3            
1 42814U 17040A   17278.85088272  .00000142  00000-0  00000-0 0  9993
2 42814   0.0625  59.2564 0000869  93.3431 207.4358  1.00272750  1050
GSAT-17                 
1 42815U 17040B   17279.69692962 -.00000268  00000-0  00000+0 0  9993
2 42815   0.0950 100.2882 0007110 148.8971 110.7704  1.00272088  1036
INTELSAT 35E            
1 42818U 17041A   17280.05171306 -.00000248  00000-0  00000+0 0  9991
2 42818   0.0134 245.7912 0002230 309.3085 164.9252  1.00272802  1000
