COSMOS 2419 (714)       
1 28915U 05050A   17278.47236738  .00000006  00000-0  00000-0 0  9996
2 28915  65.5507  62.1389 0015815 358.2873  91.7358  2.13106723 91682
COSMOS 2425 (716)       
1 29670U 06062A   17279.47273275  .00000025  00000-0  10000-3 0  9992
2 29670  65.4059 301.1096 0020399 338.0044 210.9532  2.13105022 83908
COSMOS 2426 (717)       
1 29671U 06062B   17279.33683810  .00000026  00000-0  10000-3 0  9999
2 29671  65.4238 301.2068 0018464 174.0052 128.2210  2.13103223 83900
COSMOS 2424 (715)       
1 29672U 06062C   17279.27523461  .00000026  00000-0  10000-3 0  9998
2 29672  65.4083 301.1285 0018080 172.5804 257.4589  2.13102439 83903
COSMOS 2433 (720)       
1 32275U 07052A   17278.56418424  .00000006  00000-0  10000-3 0  9992
2 32275  65.5667  61.9171 0001462 200.0034 203.8643  2.13104703 77408
COSMOS 2432 (719)       
1 32276U 07052B   17279.46119838  .00000005  00000-0  10000-3 0  9999
2 32276  65.5795  61.9595 0009414 341.8060 342.8672  2.13104131 77411
COSMOS 2434 (721)       
1 32393U 07065A   17278.81464134  .00000028  00000-0  00000-0 0  9994
2 32393  65.0229 300.2295 0003361 156.8173 328.2597  2.13102986 76114
COSMOS 2436 (723)       
1 32395U 07065C   17278.72353806  .00000028  00000-0  10000-3 0  9993
2 32395  65.0327 300.2787 0013520 350.1293 114.2998  2.13104359 76047
COSMOS 2443 (725)       
1 33379U 08046B   17278.60002108  .00000004  00000-0  00000-0 0  9999
2 33379  65.4968  61.2883 0012996 177.0295 152.8035  2.13099453 70255
COSMOS 2456 (730)       
1 36111U 09070A   17278.68545591  .00000036  00000-0  00000-0 0  9995
2 36111  64.1800 179.7990 0004686 314.0975 243.3588  2.13103009 60770
COSMOS 2457 (733)       
1 36112U 09070B   17278.78797753  .00000037  00000-0  00000-0 0  9997
2 36112  64.1622 179.7125 0006040 171.0690 233.1032  2.13101784 60784
COSMOS 2458 (734)       
1 36113U 09070C   17278.75113476  .00000036  00000-0  10000-3 0  9992
2 36113  64.1683 179.7216 0001572 355.5709  68.4091  2.13101877 60785
COSMOS 2459 (731)       
1 36400U 10007A   17279.31367376  .00000003  00000-0  10000-3 0  9990
2 36400  65.4763  60.9839 0025879 356.5307 123.4733  2.13102225 59141
COSMOS 2461 (735)       
1 36401U 10007B   17279.23034514  .00000003  00000-0  10000-3 0  9997
2 36401  65.4681  60.9634 0008379  80.3764 246.3179  2.13102182 59139
COSMOS 2460 (732)       
1 36402U 10007C   17278.70129387  .00000003  00000-0  10000-3 0  9992
2 36402  65.4590  60.9522 0002332 114.3041 207.5824  2.13101764 59124
COSMOS 2465 (737)       
1 37138U 10041B   17279.27475068  .00000024  00000-0  00000+0 0  9998
2 37138  64.6195 300.1454 0036504 172.6200 348.5545  2.13097547 55213
COSMOS 2464 (736)       
1 37139U 10041C   17279.29891400  .00000024  00000-0  00000+0 0  9993
2 37139  64.6267 300.1439 0021280   7.0216 357.3140  2.13102750 55212
COSMOS 2471 (701K)      
1 37372U 11009A   17278.65238212  .00000003  00000-0  00000-0 0  9990
2 37372  65.4563  60.9018 0007424 220.9484 201.9030  2.13107654 51407
COSMOS 2474 (742)       
1 37829U 11055A   17278.66148686  .00000035  00000-0  00000-0 0  9999
2 37829  64.5040 180.4100 0008632 249.7887 148.5693  2.13101976 46778
COSMOS 2476 (744)       
1 37867U 11064A   17278.92425400  .00000037  00000-0  00000-0 0  9994
2 37867  64.4846 180.4710 0017997 243.6287  42.2830  2.13102023 46127
COSMOS 2477 (745)       
1 37868U 11064B   17278.59174560  .00000035  00000-0  00000-0 0  9994
2 37868  64.4924 180.5279 0015840 244.6793 325.2133  2.13101932 46076
COSMOS 2475 (743)       
1 37869U 11064C   17278.65708125  .00000035  00000-0  00000-0 0  9992
2 37869  64.4999 180.5176 0020615 270.5628 305.9595  2.13102257 46085
COSMOS 2485 (747)       
1 39155U 13019A   17278.61103277  .00000035  00000-0  00000-0 0  9997
2 39155  64.6541 180.5350 0018433 238.3544 212.2566  2.13102109 34595
COSMOS 2492 (754)       
1 39620U 14012A   17278.63152845  .00000003  00000-0  10000-3 0  9994
2 39620  65.3489  60.8756 0012765 336.2550 164.4465  2.13103413 27540
COSMOS 2500 (755)       
1 40001U 14032A   17278.62437971  .00000003  00000-0  00000-0 0  9992
2 40001  65.2905  60.8654 0006460 186.2436 171.8009  2.13102832 25756
COSMOS 2501 (702K)      
1 40315U 14075A   17278.58580948  .00000026  00000-0  00000-0 0  9990
2 40315  64.3529 301.4718 0017022 211.3032 281.8008  2.13098642 22165
COSMOS 2514 (751)       
1 41330U 16008A   17278.47178443  .00000003  00000-0  00000-0 0  9992
2 41330  65.0904  60.9866 0009181 201.4655 219.7749  2.13103371 12928
COSMOS 2516 (753)       
1 41554U 16032A   17279.41725584  .00000023  00000-0  00000+0 0  9997
2 41554  64.5733 301.2351 0014665 223.4502  95.1622  2.13101694 10546
