INTELSAT 701 (IS-701)   
1 22871U 93066A   17308.78448762 -.00000154  00000-0  00000-0 0  9990
2 22871   4.4617  66.3298 0004056 182.1209 182.2834  0.99318912 87854
INTELSAT 26 (IS-26)     
1 24732U 97007A   17308.86902170 -.00000010  00000-0  00000+0 0  9994
2 24732   7.6730  49.0153 0005526 202.3355 171.6090  1.00272191 75732
GALAXY 25 (G-25)        
1 24812U 97026A   17308.13751481 -.00000163  00000-0  00000+0 0  9990
2 24812   0.0149 299.8258 0003386 279.5577 140.6321  1.00272424 74806
INTELSAT 5 (IS-5)       
1 24916U 97046A   17308.63699192 -.00000141  00000-0  00000-0 0  9999
2 24916   3.8179  70.3756 0004417 176.4135 183.4936  1.00270852 74070
INTELSAT 805 (IS-805)   
1 25371U 98037A   17308.68865634 -.00000031  00000-0  00000+0 0  9994
2 25371   0.3067  93.7612 0003579 133.3897 233.9178  1.00272434 71017
AFRISTAR                
1 25515U 98063A   17309.04285388  .00000124  00000-0  00000+0 0  9998
2 25515   3.5687  69.2405 0003742 154.3853 217.2785  1.00270080 69588
INTELSAT 8 (IS-8)       
1 25522U 98065A   17308.74629397 -.00000161  00000-0  00000-0 0  9999
2 25522   1.3218  87.2302 0297990 223.1178 188.2699  0.95186000 14866
GALAXY 11 (G-11)        
1 26038U 99071A   17309.53795983  .00000134  00000-0  00000+0 0  9991
2 26038   0.0746  85.4438 0001201 206.2664 351.8503  1.00274826 65556
SIRIUS-1                
1 26390U 00035A   17308.41472056  .00000011  00000-0  00000-0 0  9998
2 26390  59.4940 223.4106 0001696 258.7126 289.1116  1.57876885 22214
INTELSAT 9 (IS-9)       
1 26451U 00043A   17309.14563201 -.00000216  00000-0  00000+0 0  9996
2 26451   3.8048  70.5889 0003714 172.5494 184.3926  1.00271197 63298
INTELSAT 12 (IS-12)     
1 26590U 00068A   17309.18695613  .00000135  00000-0  00000+0 0  9993
2 26590   0.7809  91.9495 0004339 162.0189 262.9689  1.00273468 62259
INTELSAT 1R (IS-1R)     
1 26608U 00072A   17308.91368576 -.00000138  00000-0  00000+0 0  9997
2 26608   0.6043  94.3690 0000618 332.4392 103.5859  1.00272357 62106
INTELSAT 10 (IS-10)     
1 26766U 01019A   17309.18583642  .00000125  00000-0  00000+0 0  9992
2 26766   1.8092  84.4529 0003236 163.6696 270.8967  1.00272124 60387
INTELSAT 901 (IS-901)   
1 26824U 01024A   17308.75449935 -.00000141  00000-0  00000-0 0  9991
2 26824   0.0107 280.8714 0002993 307.9634  68.9969  1.00271839 60146
INTELSAT 902 (IS-902)   
1 26900U 01039A   17309.56510934  .00000030  00000-0  00000+0 0  9995
2 26900   0.0179 287.1049 0002902 300.5510  82.7860  1.00272514 59225
DIRECTV 4S              
1 26985U 01052A   17309.10466014 -.00000115  00000-0  00000+0 0  9997
2 26985   0.0118 262.5015 0003067 328.4246 110.0793  1.00270486 58448
INTELSAT 904 (IS-904)   
1 27380U 02007A   17309.18695613  .00000135  00000-0  00000+0 0  9996
2 27380   0.0290 134.6985 0002929  84.9439 297.4006  1.00271470 57549
INTELSAT 903 (IS-903)   
1 27403U 02016A   17309.15049396 -.00000225  00000-0  00000+0 0  9991
2 27403   0.1383  94.3512 0001403 102.4115 230.5164  1.00271344 57105
DIRECTV 5 (TEMPO 1)     
1 27426U 02023A   17309.18192164 -.00000058  00000-0  00000+0 0  9993
2 27426   0.0134 274.6728 0003505 315.0240 130.3114  1.00270991 56761
INTELSAT 905 (IS-905)   
1 27438U 02027A   17309.32908396 -.00000186  00000-0  00000+0 0  9990
2 27438   0.0112 244.3320 0002751 328.0101 286.4098  1.00270967 56424
GALAXY 3C (G-3C)        
1 27445U 02030A   17309.14025361 -.00000153  00000-0  00000+0 0  9998
2 27445   0.0192 293.0186 0001722  35.5072  31.5031  1.00270647 56415
INTELSAT 906 (IS-906)   
1 27513U 02041A   17309.32271458  .00000012  00000-0  00000+0 0  9999
2 27513   0.0159 260.6221 0002771 326.0703 358.3985  1.00272464 55425
INTELSAT 907 (IS-907)   
1 27683U 03007A   17307.95580346 -.00000202  00000-0  00000+0 0  9998
2 27683   0.0115 246.6241 0003095 332.7873 140.6064  1.00271864 53839
GALAXY 12 (G-12)        
1 27715U 03013B   17308.56504299  .00000058  00000-0  00000-0 0  9991
2 27715   0.0096 208.2031 0003020  23.8462 246.4088  1.00273770 20590
GALAXY 23 (G-23)        
1 27854U 03034A   17309.49741834  .00000010  00000-0  00000+0 0  9996
2 27854   0.0126 280.4214 0002855 305.1501 237.4541  1.00273093 57006
GALAXY 13 (HORIZONS-1)  
1 27954U 03044A   17309.48677549  .00000045  00000-0  00000+0 0  9996
2 27954   0.0489 103.4489 0002075 115.0031 234.7155  1.00272364 51619
DIRECTV 7S              
1 28238U 04016A   17309.54726882 -.00000002  00000-0  00000+0 0  9998
2 28238   0.0199 307.4515 0002766 279.1818 256.3016  1.00272475 49527
INTELSAT 10-02          
1 28358U 04022A   17308.87966701 -.00000012  00000-0  00000+0 0  9990
2 28358   0.0190 162.7159 0001478 133.7976  63.5240  1.00272861 49083
XM-3 (RHYTHM)           
1 28626U 05008A   17309.43726499 -.00000208  00000-0  00000+0 0  9991
2 28626   0.0020 297.9035 0000311 348.5540 190.7346  1.00270892 46523
SPACEWAY 1              
1 28644U 05015A   17308.55664604 -.00000103  00000-0  00000+0 0  9994
2 28644   0.0156 234.9233 0000360 354.0226 272.5412  1.00270437 45966
DIRECTV 8               
1 28659U 05019A   17308.15900293 -.00000116  00000-0  00000+0 0  9991
2 28659   0.0144 285.5022 0003359 303.8667 130.6421  1.00271178 45630
GALAXY 28 (G-28)        
1 28702U 05022A   17309.43726499 -.00000188  00000-0  00000+0 0  9999
2 28702   0.0167 276.8492 0000457 276.8505 279.6032  1.00271691 45287
GALAXY 14 (G-14)        
1 28790U 05030A   17308.84840782  .00000035  00000-0  00000+0 0  9991
2 28790   0.0577  83.9526 0002791 143.5523 357.2242  1.00271207 44757
GALAXY 15 (G-15)        
1 28884U 05041A   17308.78243757  .00000078  00000-0  00000+0 0  9996
2 28884   0.0056  31.3008 0002194 210.7624 310.8393  1.00272025 44077
SPACEWAY 2              
1 28903U 05046B   17308.80674326 -.00000128  00000-0  00000+0 0  9993
2 28903   0.0047  90.8427 0000151 225.7016 279.0845  1.00271346 43944
GALAXY 16 (G-16)        
1 29236U 06023A   17309.53643806 -.00000129  00000-0  00000+0 0  9990
2 29236   0.0159 275.3100 0002961 318.5092 265.2478  1.00270017 41729
DIRECTV 9S              
1 29494U 06043A   17309.10466014 -.00000116  00000-0  00000+0 0  9991
2 29494   0.0124 248.3009 0003471 339.8924 112.9478  1.00271874 40552
XM-4 (BLUES)            
1 29520U 06049A   17309.51059437 -.00000025  00000-0  00000+0 0  9998
2 29520   0.0012 314.9700 0000675 358.8411 159.7634  1.00268712 40450
GALAXY 17 (G-17)        
1 31307U 07016B   17309.39046708 -.00000177  00000-0  00000+0 0  9990
2 31307   0.0279 342.2716 0003415 248.2689 223.8765  1.00271445 38537
DIRECTV 10              
1 31862U 07032A   17308.16458877 -.00000103  00000-0  00000+0 0  9991
2 31862   0.0048 313.2324 0000310 255.2916 151.5147  1.00271712 37854
SPACEWAY 3              
1 32018U 07036A   17309.09980115 -.00000153  00000-0  00000+0 0  9992
2 32018   0.0015 304.7568 0000188 304.7521  96.0169  1.00271389 37578
INTELSAT 11 (IS-11)     
1 32253U 07044B   17308.85462740 -.00000270  00000-0  00000+0 0  9994
2 32253   0.0259 165.2772 0001646  46.3830  97.3375  1.00271353 36975
HORIZONS-2              
1 32388U 07063B   17308.95431094 -.00000184  00000-0  00000-0 0  9998
2 32388   0.0204 290.1144 0002738 300.4282 242.2751  1.00272268 36316
DIRECTV 11              
1 32729U 08013A   17309.53643760 -.00000128  00000-0  00000+0 0  9990
2 32729   0.0044  60.7240 0000277 155.2455 282.9453  1.00269880 35392
GALAXY 18 (G-18)        
1 32951U 08024A   17309.21762144  .00000023  00000-0  00000+0 0  9995
2 32951   0.0111 264.0753 0003333 325.4159 130.5186  1.00272435 34547
INTELSAT 25 (IS-25)     
1 33153U 08034A   17308.96414126 -.00000225  00000-0  00000+0 0  9991
2 33153   0.0111 258.0809 0002862 346.4936 115.4352  1.00271465 34098
GALAXY 19 (G-19)        
1 33376U 08045A   17308.14830852 -.00000139  00000-0  00000+0 0  9992
2 33376   0.0163 234.8778 0003459 357.2102 127.8807  1.00269827 33288
SIRIUS FM-5             
1 35493U 09034A   17309.43726499 -.00000203  00000-0  00000+0 0  9999
2 35493   0.0194 296.2778 0000499  73.0343 106.8472  1.00271736 30438
INTELSAT 14 (IS-14)     
1 36097U 09064A   17309.00151993 -.00000275  00000-0  00000+0 0  9996
2 36097   0.0108 262.5658 0002799 325.6725 131.7378  1.00270500 29160
INTELSAT 15 (IS-15)     
1 36106U 09067A   17308.95430921 -.00000187  00000-0  00000-0 0  9997
2 36106   0.0145 292.4215 0002602 283.6028 257.0885  1.00272423  9760
DIRECTV 12              
1 36131U 09075A   17309.52981781 -.00000106  00000-0  00000+0 0  9993
2 36131   0.0055 279.8755 0000523 256.4051 316.6816  1.00272059 28841
INTELSAT 16 (IS-16)     
1 36397U 10006A   17309.43243758 -.00000247  00000-0  00000+0 0  9994
2 36397   0.0186  87.0904 0002623 136.3358 260.9038  1.00269421 28198
XM-5                    
1 37185U 10053A   17308.80188111 -.00000206  00000-0  00000+0 0  9998
2 37185   0.0163 276.4773 0001587  81.2087 250.0415  1.00271838 25890
INTELSAT 17 (IS-17)     
1 37238U 10065B   17309.32271458 -.00000004  00000-0  00000+0 0  9991
2 37238   0.0183 235.3878 0002676 340.0609  11.4939  1.00271581 25375
INTELSAT NEW DAWN       
1 37392U 11016A   17309.04907012  .00000154  00000-0  00000+0 0  9995
2 37392   0.0169 237.8709 0001813  10.9754 206.1346  1.00273852 23978
INTELSAT 18 (IS-18)     
1 37834U 11056A   17308.68382642  .00000052  00000-0  00000+0 0  9992
2 37834   0.0150 276.7015 0002190 313.8571 239.7516  1.00271370 22302
INTELSAT 22 (IS-22)     
1 38098U 12011A   17309.57305138 -.00000062  00000-0  00000+0 0  9993
2 38098   0.0173 326.4752 0002710 250.9249 106.0248  1.00272195 20506
INTELSAT 19 (IS-19)     
1 38356U 12030A   17309.41429412 -.00000059  00000-0  00000+0 0  9992
2 38356   0.0211 351.4263 0002792 230.0274 138.5635  1.00270293 19974
INTELSAT 20 (IS-20)     
1 38740U 12043A   17308.68722199 -.00000026  00000-0  00000-0 0  9994
2 38740   0.0292 132.8921 0002380  57.4944 169.6481  1.00272062 19217
INTELSAT 21 (IS-21)     
1 38749U 12045A   17308.04030973 -.00000285  00000-0  00000-0 0  9994
2 38749   0.0112 266.5468 0002511 316.8168 136.6569  1.00272447 19009
INTELSAT 23 (IS-23)     
1 38867U 12057A   17309.02370569 -.00000286  00000-0  00000+0 0  9995
2 38867   0.0159 256.8791 0002040 328.3596 134.7839  1.00271392 18569
SIRIUS FM-6             
1 39360U 13058A   17309.19872015 -.00000019  00000-0  00000+0 0  9991
2 39360   0.0236 284.9435 0000527 190.7114 244.3895  1.00272383 14800
INTELSAT 30 (IS-30)     
1 40271U 14062A   17309.39036799 -.00000153  00000-0  00000+0 0  9992
2 40271   0.0148 277.9500 0001453 193.0213 339.3069  1.00270279 11228
INTELSAT 34 (IS-34)     
1 40874U 15039A   17309.03070929 -.00000287  00000-0  00000+0 0  9998
2 40874   0.0160 271.3953 0000511 298.0090 150.6321  1.00271897  8132
INTELSAT 29E (IS-29E)   
1 41308U 16004A   17309.01543049 -.00000284  00000-0  00000+0 0  9997
2 41308   0.0198 245.1270 0001977 339.3203 135.5369  1.00269168  6612
INTELSAT 31 (IS-31)     
1 41581U 16035A   17308.14298925 -.00000150  00000-0  00000-0 0  9990
2 41581   0.0195 249.7539 0001599 347.3524 122.9186  1.00269033  5140
INTELSAT 36 (IS-36)     
1 41747U 16053A   17308.68719479 -.00000026  00000-0  00000+0 0  9996
2 41747   0.0202 332.9919 0003322   1.2177  25.8137  1.00271962  4427
INTELSAT 33E (IS-33E)   
1 41748U 16053B   17308.71068286  .00000048  00000-0  00000-0 0  9998
2 41748   0.0474  65.7633 0003021 164.0293 130.2205  1.00270927  4715
INTELSAT 32E (IS-32E)   
1 41945U 17007B   17308.99658214 -.00000270  00000-0  00000+0 0  9990
2 41945   0.0180 261.7854 0001186 283.8353 174.3780  1.00270459  2702
INTELSAT 35E (IS-35E)   
1 42818U 17041A   17307.97517621 -.00000238  00000-0  00000+0 0  9995
2 42818   0.0164 272.7466 0002311 312.8669 134.4080  1.00271201  1287
INTELSAT 37E (IS-37E)   
1 42950U 17059A   17309.08105098 -.00000183  00000-0  00000+0 0  9995
2 42950   0.0048 245.2404 0001925 307.8224 325.2795  1.00275494   508
