IRIDIUM 106 [+]         
1 41917U 17003A   17285.51161957  .00000114  00000-0  33599-4 0  9990
2 41917  86.3978 333.0523 0001850 109.0510 251.0887 14.34212738 38898
IRIDIUM 103 [+]         
1 41918U 17003B   17285.49900858  .00000089  00000-0  24755-4 0  9994
2 41918  86.3978 332.9680 0001760  77.1336 283.0056 14.34217176 38920
IRIDIUM 109 [+]         
1 41919U 17003C   17285.50534844  .00000120  00000-0  35843-4 0  9991
2 41919  86.3981 332.9728 0002078  91.8389 268.3045 14.34216776 38909
IRIDIUM 102 [+]         
1 41920U 17003D   17285.26433705  .00000086  00000-0  23765-4 0  9991
2 41920  86.3978 333.0653 0002328  88.0204 272.1259 14.34219522 38933
IRIDIUM 105 [+]         
1 41921U 17003E   17285.47193871  .00000352  00000-0  38721-4 0  9996
2 41921  85.8766 314.5847 0010928  22.6902 337.4801 14.84169991 40150
IRIDIUM 104 [+]         
1 41922U 17003F   17285.27701036  .00000095  00000-0  26854-4 0  9991
2 41922  86.3980 333.0537 0001654 103.7041 256.4339 14.34218660 38929
IRIDIUM 114 [+]         
1 41923U 17003G   17285.49266081  .00000092  00000-0  25934-4 0  9997
2 41923  86.3979 332.9561 0002300 105.0863 255.0587 14.34219561 38953
IRIDIUM 108 [+]         
1 41924U 17003H   17285.46574246  .00000350  00000-0  38439-4 0  9991
2 41924  85.8794 314.5846 0010773  21.6121 338.5554 14.84174256 40149
IRIDIUM 112 [+]         
1 41925U 17003J   17285.27067757  .00000096  00000-0  27132-4 0  9990
2 41925  86.3975 333.0418 0002881  94.4578 265.6947 14.34218527 38950
IRIDIUM 111 [+]         
1 41926U 17003K   17285.39752491  .00000082  00000-0  22168-4 0  9999
2 41926  86.3977 332.9907 0001651  88.5621 271.5764 14.34217198 38991
IRIDIUM 113 [+]         
1 42803U 17039A   17285.44416149  .00000388  00000-0  43180-4 0  9992
2 42803  85.6146 226.9000 0011731 210.6515 149.4024 14.84053691 16104
IRIDIUM 123 [+]         
1 42804U 17039B   17285.41897035  .00000108  00000-0  31447-4 0  9990
2 42804  86.3982 238.1666 0002196  78.3424 281.8018 14.34216855 15625
IRIDIUM 120 [+]         
1 42805U 17039C   17285.24801084  .00000383  00000-0  42583-4 0  9999
2 42805  85.6114 227.0223 0012300 214.2093 145.8338 14.84054360 16072
IRIDIUM 115 [+]         
1 42806U 17039D   17285.44718139  .00000376  00000-0  41670-4 0  9998
2 42806  85.8753 230.3001 0013848 213.2634 146.7719 14.84049813 16107
IRIDIUM 118 [+]         
1 42807U 17039E   17285.45067646  .00000116  00000-0  34370-4 0  9991
2 42807  86.3980 238.1640 0002703  79.9558 280.1943 14.34216923 15633
IRIDIUM 117 [+]         
1 42808U 17039F   17285.46970731  .00000116  00000-0  34510-4 0  9997
2 42808  86.3980 238.1413 0001380  93.1337 267.0017 14.34217585 15669
IRIDIUM 126 [+]         
1 42809U 17039G   17285.42530730  .00000107  00000-0  31144-4 0  9995
2 42809  86.3982 238.1620 0002068  80.3254 279.8176 14.34217754 15634
IRIDIUM 124 [+]         
1 42810U 17039H   17285.45335298  .00000385  00000-0  42835-4 0  9999
2 42810  85.8903 230.4628 0011476 207.0586 153.0040 14.84051063 16105
IRIDIUM 128 [+]         
1 42811U 17039J   17285.41411559  .00000120  00000-0  35440-4 0  9992
2 42811  87.4969 250.0316 0001344 121.1796 238.9533 14.35401318 15646
IRIDIUM 121 [+]         
1 42812U 17039K   17285.44433595  .00000107  00000-0  31069-4 0  9998
2 42812  86.3981 238.1651 0002131  80.5284 279.6153 14.34217322 15620
IRIDIUM 133 [+]         
1 42955U 17061A   17285.20037481  .00000602  00000-0  10000-3 0  9990
2 42955  86.5916 269.8690 0000953 136.9141 209.1038 14.68453050   395
IRIDIUM 100 [+]         
1 42956U 17061B   17284.92946211  .00000137  00000-0  13440-4 0  9994
2 42956  86.6825 269.9689 0010734 216.5112 143.5380 14.83158305   355
IRIDIUM 122 [+]         
1 42957U 17061C   17284.92938258  .00000065  00000-0  45935-5 0  9992
2 42957  86.6835 269.9697 0010806 214.9148 145.1367 14.83208363   350
IRIDIUM 129 [+]         
1 42958U 17061D   17284.92928624  .00000141  00000-0  13884-4 0  9991
2 42958  86.6838 269.9706 0011024 213.5767 146.4758 14.83269437   357
IRIDIUM 119 [+]         
1 42959U 17061E   17284.92916589  .00000066  00000-0  47584-5 0  9990
2 42959  86.6835 269.9711 0011345 212.6918 147.3604 14.83344668   355
IRIDIUM 107 [+]         
1 42960U 17061F   17284.86157440  .00000105  00000-0  94806-5 0  9991
2 42960  86.6785 269.9936 0011733 212.9036 147.1458 14.83429893   343
IRIDIUM 132 [+]         
1 42961U 17061G   17284.92892434  .00000062  00000-0  42015-5 0  9995
2 42961  86.6783 269.9661 0012018 212.1987 147.8504 14.83496667   354
IRIDIUM 136 [+]         
1 42962U 17061H   17284.92882426  .00000050  00000-0  27757-5 0  9999
2 42962  86.6787 269.9668 0012214 211.1715 148.8786 14.83559584   353
IRIDIUM 139 [+]         
1 42963U 17061J   17284.92875534  .00000048  00000-0  24526-5 0  9990
2 42963  86.6793 269.9674 0012280 210.0507 150.0013 14.83603104   354
IRIDIUM 125 [+]         
1 42964U 17061K   17285.40081985  .00000218  00000-0  23031-4 0  9992
2 42964  86.6810 269.7711 0012319 206.9799 153.0786 14.83642454   424
