IRIDIUM 8 [+]           
1 24792U 97020A   17309.54492386  .00135004  26279-5  57205-3 0  9999
2 24792  86.3788 259.3621 0346955 172.0846 188.6091 15.31271125 73476
IRIDIUM 7 [+]           
1 24793U 97020B   17309.51067665  .00000075  00000-0  19563-4 0  9999
2 24793  86.3960 259.8702 0002334  84.5393 275.6069 14.34233283 73453
IRIDIUM 6 [+]           
1 24794U 97020C   17309.36560568  .00000117  00000-0  34753-4 0  9998
2 24794  86.3957 259.8569 0002169  84.6736 275.4707 14.34216760 73435
IRIDIUM 5 [+]           
1 24795U 97020D   17309.35924949  .00000217  00000-0  70358-4 0  9997
2 24795  86.3960 259.8733 0002168  86.7003 273.4441 14.34217502 73519
IRIDIUM 4 [-]           
1 24796U 97020E   17309.41221994  .00000086  00000-0  23113-4 0  9996
2 24796  86.3956 258.6852 0002190  85.3657  33.4652 14.35184579 73560
IRIDIUM 914 [-]         
1 24836U 97030A   17309.51409272  .00000096  00000-0  24784-4 0  9996
2 24836  86.3914 275.0268 0003068  54.5109 305.6375 14.38787743 69261
IRIDIUM 12 [+]          
1 24837U 97030B   17309.54146823 -.00000018  00000-0 -13330-4 0  9991
2 24837  86.3918 290.9792 0002185  83.6736  53.7240 14.34216203 67200
IRIDIUM 10 [+]          
1 24839U 97030D   17309.52533080 -.00000045  00000-0 -23259-4 0  9997
2 24839  86.3917 290.9648 0002182  83.7215  35.7160 14.34214808 67212
IRIDIUM 13 [+]          
1 24840U 97030E   17309.52124424 -.00000029  00000-0 -17380-4 0  9997
2 24840  86.3927 291.0969 0001987 107.1152 253.0261 14.34215535 67233
IRIDIUM 16 [-]          
1 24841U 97030F   17309.51376555  .00000110  00000-0  30749-4 0  9994
2 24841  86.4000 290.8058 0003071 138.2207 221.9225 14.36746229 67870
IRIDIUM 911 [-]         
1 24842U 97030G   17309.51655288  .00000141  00000-0  34501-4 0  9992
2 24842  86.4427 291.5056 0013993 350.8577   9.2367 14.44993314 73358
IRIDIUM 15 [+]          
1 24869U 97034A   17309.57537655 -.00000020  00000-0 -13112-4 0  9991
2 24869  86.4157 322.9275 0001759  91.1051 269.0348 14.38607932 64264
IRIDIUM 17 [-]          
1 24870U 97034B   17309.64628796  .00000123  00000-0  35644-4 0  9994
2 24870  86.3934 320.9023 0003900 101.5219 258.6416 14.35784473 64475
IRIDIUM 920 [-]         
1 24871U 97034C   17309.55455034  .00000103  00000-0  26686-4 0  9992
2 24871  86.3937 306.7788 0010023 228.4192 131.6149 14.39496836 66687
IRIDIUM 18 [+]          
1 24872U 97034D   17309.63861646  .00000002  00000-0 -57987-5 0  9990
2 24872  86.4183 322.9382 0001548  95.7103 264.4271 14.38608664 64256
IRIDIUM 921 [-]         
1 24873U 97034E   17309.65628510  .00000635  00000-0  35296-4 0  9993
2 24873  86.3948 359.1071 0006613 195.3268 164.7771 15.11643482109468
IRIDIUM 26 [-]          
1 24903U 97043A   17309.75485310  .00000152  00000-0  46131-4 0  9991
2 24903  86.4014 195.5440 0001935  90.2635 269.8783 14.35283465 58270
IRIDIUM 25 [+]          
1 24904U 97043B   17309.70124078  .00000206  00000-0  66474-4 0  9990
2 24904  86.4005 196.2828 0001861  85.0601 275.0807 14.34222034 58115
IRIDIUM 46 [+]          
1 24905U 97043C   17309.71390513  .00000022  00000-0  83520-6 0  9990
2 24905  86.4034 196.2826 0001424  80.8057 279.3300 14.34223440 58116
IRIDIUM 23 [+]          
1 24906U 97043D   17309.71768331  .00000210  00000-0  67816-4 0  9995
2 24906  86.4019 196.3478 0001873  81.8750 330.3730 14.34221820 58129
IRIDIUM 22 [+]          
1 24907U 97043E   17309.75196396  .00000207  00000-0  66890-4 0  9993
2 24907  86.4017 196.9474 0001967  80.9351 279.2067 14.34219831 58124
DUMMY MASS 1 [-]        
1 24925U 97048A   17308.66567102  .00000092  00000-0  75246-5 0  9992
2 24925  86.3343 338.6507 0004650 263.7433  96.3262 14.85153261 92438
DUMMY MASS 2 [-]        
1 24926U 97048B   17309.53474154  .00000092  00000-0  75207-5 0  9991
2 24926  86.3343 339.3889 0005446 271.1929  88.8670 14.84921351 92405
IRIDIUM 29 [-]          
1 24944U 97051A   17309.70265281  .00000177  00000-0  55736-4 0  9991
2 24944  86.4003 227.6657 0002144  78.9060 281.2377 14.34629789 54723
IRIDIUM 32 [+]          
1 24945U 97051B   17309.71101023  .00000200  00000-0  64501-4 0  9993
2 24945  86.3998 227.9140 0002056  78.5939 281.5487 14.34213598 54709
IRIDIUM 33 [-]          
1 24946U 97051C   17309.73809551  .00000112  00000-0  33406-4 0  9999
2 24946  86.3918 227.4673 0009207 131.3718 228.8270 14.33576028 54316
IRIDIUM 28 [-]          
1 24948U 97051E   17309.69445909  .00000141  00000-0  42054-4 0  9990
2 24948  86.4008 226.8172 0002070  93.8526 266.2907 14.35578522 54884
IRIDIUM 31 [+]          
1 24950U 97051G   17309.75572140  .00000026  00000-0  20398-5 0  9998
2 24950  86.4257 227.9957 0001849  82.9597 277.1812 14.38601269 54723
IRIDIUM 19 [+]          
1 24965U 97056A   17309.68265925  .00000011  00000-0 -30065-5 0  9998
2 24965  86.3954 259.5172 0002322  84.0686 276.0774 14.34213180 52833
IRIDIUM 35 [+]          
1 24966U 97056B   17309.48605138  .00000070  00000-0  17978-4 0  9992
2 24966  86.3953 259.5924 0002220  83.1861 276.9587 14.34214047 52788
IRIDIUM 36 [-]          
1 24967U 97056C   17309.41535142  .00000105  00000-0  29601-4 0  9998
2 24967  86.3970 258.5673 0002375  84.4395 275.7072 14.35629672 53125
IRIDIUM 37 [+]          
1 24968U 97056D   17309.46070717  .00000139  00000-0  42616-4 0  9994
2 24968  86.3956 259.7934 0002194  83.9900 276.1546 14.34216041 52781
IRIDIUM 34 [+]          
1 24969U 97056E   17309.47970131  .00000101  00000-0  29150-4 0  9992
2 24969  86.3956 259.7226 0002269  83.3583 276.7871 14.34213948 52780
IRIDIUM 43 [-]          
1 25039U 97069A   17309.70684292  .00118526  25655-5  46240-3 0  9998
2 25039  86.3892 309.3164 0199285 214.2103 144.6196 15.62676998 48473
IRIDIUM 41 [+]          
1 25040U 97069B   17309.60079345 -.00000009  00000-0 -10346-4 0  9995
2 25040  86.3934 322.8493 0001994  91.6297 268.5127 14.34216495 46587
IRIDIUM 40 [-]          
1 25041U 97069C   17309.69198100  .00045406 -91822-6  33895-3 0  9996
2 25041  86.3791 307.7702 0233818  97.0629 265.7278 15.44122079 48680
IRIDIUM 39 [B]          
1 25042U 97069D   17309.58347271  .00000161  00000-0  39294-4 0  9990
2 25042  86.3890 318.8876 0018295 196.3374 163.7242 14.46194205 47156
IRIDIUM 38 [-]          
1 25043U 97069E   17309.60099012  .00000111  00000-0  31358-4 0  9999
2 25043  86.3932 319.8553 0002673 123.5228 236.6224 14.36058781 47023
IRIDIUM 42 [-]          
1 25077U 97077A   17309.65039031  .00000133  00000-0  40084-4 0  9995
2 25077  86.3940 322.7587 0002182 103.5634 256.5805 14.34509518 42470
IRIDIUM 44 [-]          
1 25078U 97077B   17309.59847823  .00000131  00000-0  36669-4 0  9997
2 25078  86.3927 311.9952 0003213 121.8799 238.2712 14.38155265 43962
IRIDIUM 45 [+]          
1 25104U 97082A   17309.69197911  .00000200  00000-0  64432-4 0  9996
2 25104  86.3994 228.0436 0001881 106.5859 253.5543 14.34213601 40657
IRIDIUM 24 [-]          
1 25105U 97082B   17309.67352315  .00000132  00000-0  35778-4 0  9991
2 25105  86.3943 175.7432 0009847 233.6387 126.3904 14.39885600 43216
IRIDIUM 47 [+]          
1 25106U 97082C   17309.72026320  .00000204  00000-0  65781-4 0  9999
2 25106  86.4003 196.1420 0001863  81.7101 278.4306 14.34222029 40650
IRIDIUM 49 [+]          
1 25108U 97082E   17309.74506569  .00000201  00000-0  64761-4 0  9995
2 25108  86.4005 196.2380 0001871  81.6580 340.8209 14.34220192 40665
IRIDIUM 52 [+]          
1 25169U 98010A   17309.55291663 -.00000010  00000-0 -10699-4 0  9990
2 25169  86.3922 291.2786 0002196  84.0026 276.1420 14.34216301 32044
IRIDIUM 56 [+]          
1 25170U 98010B   17309.54658138  .00000006  00000-0 -49947-5 0  9998
2 25170  86.3918 291.3944 0002229  95.3584 264.7867 14.34214676 32028
IRIDIUM 54 [+]          
1 25171U 98010C   17309.50854147 -.00000008  00000-0 -10089-4 0  9990
2 25171  86.3923 291.3188 0002199  83.5632 276.5814 14.34216192 32189
IRIDIUM 50 [+]          
1 25172U 98010D   17309.54024067 -.00000017  00000-0 -13115-4 0  9998
2 25172  86.3922 291.2611 0002194  81.3484 278.7960 14.34215963 32029
IRIDIUM 53 [+]          
1 25173U 98010E   17309.48951284 -.00000013  00000-0 -11764-4 0  9996
2 25173  86.3923 291.2892 0002195  83.8127 276.3319 14.34216034 32026
IRIDIUM 51 [S]          
1 25262U 98018A   17309.37188126  .00000160  00000-0  50005-4 0  9990
2 25262  86.3968 259.9991 0001838  73.0704 287.0693 14.34216074 31397
IRIDIUM 61 [+]          
1 25263U 98018B   17309.46703014  .00000132  00000-0  40066-4 0  9995
2 25263  86.3956 259.7560 0002179  83.7546 276.3898 14.34217725 27113
IRIDIUM 55 [+]          
1 25272U 98019A   17309.69252285  .00000216  00000-0  64264-4 0  9999
2 25272  86.4254 227.8306 0001752  75.0150 285.1242 14.38602492 26371
IRIDIUM 57 [-]          
1 25273U 98019B   17309.71034100  .00000135  00000-0  41203-4 0  9995
2 25273  86.4006 228.1398 0002166  81.7369 278.4072 14.34287127 26352
IRIDIUM 58 [+]          
1 25274U 98019C   17309.69877294  .00000235  00000-0  70216-4 0  9999
2 25274  86.4253 228.3370 0001849  76.0500 284.0904 14.38600316 26372
IRIDIUM 59 [+]          
1 25275U 98019D   17309.73637147  .00000206  00000-0  66403-4 0  9997
2 25275  86.3998 228.1715 0002103  77.9263 282.2169 14.34215329 26352
IRIDIUM 60 [+]          
1 25276U 98019E   17309.74270166  .00000206  00000-0  66368-4 0  9993
2 25276  86.3996 227.7836 0002092  80.3417 279.8015 14.34214675 26351
IRIDIUM 62 [+]          
1 25285U 98021A   17309.63440260  .00000101  00000-0  28980-4 0  9990
2 25285  86.3974 164.8260 0001846  84.9966 275.1441 14.34222302 25294
IRIDIUM 63 [-]          
1 25286U 98021B   17309.74525414  .00000118  00000-0  34650-4 0  9997
2 25286  86.4004 165.1956 0001988  83.9712 350.4260 14.34691956 25348
IRIDIUM 64 [+]          
1 25287U 98021C   17309.71685032  .00000096  00000-0  27163-4 0  9994
2 25287  86.3975 164.8355 0002121  88.6348 271.5091 14.34221535 25281
IRIDIUM 65 [+]          
1 25288U 98021D   17309.65343809  .00000105  00000-0  30531-4 0  9995
2 25288  86.3973 164.7629 0001869  87.6812 272.4597 14.34221805 25298
IRIDIUM 66 [+]          
1 25289U 98021E   17309.65977139  .00000100  00000-0  28481-4 0  9991
2 25289  86.3973 164.6626 0001872  84.3537 275.7873 14.34222618 25282
IRIDIUM 67 [+]          
1 25290U 98021F   17309.66611071  .00000025  00000-0  19754-5 0  9994
2 25290  86.3974 164.7983 0001961  85.0718 275.0701 14.34221155 25301
IRIDIUM 68 [+]          
1 25291U 98021G   17309.67247127  .00000114  00000-0  33581-4 0  9995
2 25291  86.3975 164.9168 0001982  87.7425 272.3998 14.34221815 25285
IRIDIUM 69 [-]          
1 25319U 98026A   17309.71957114  .00000147  00000-0  41567-4 0  9999
2 25319  86.4033 186.2067 0002936 127.0490 233.0977 14.38701093 23382
IRIDIUM 71 [-]          
1 25320U 98026B   17309.73876049  .00000125  00000-0  33913-4 0  9992
2 25320  86.4012 182.0247 0000977 164.5276 195.5952 14.39114532 23827
IRIDIUM 70 [+]          
1 25342U 98032A   17309.71091564  .00000108  00000-0  31633-4 0  9990
2 25342  86.3980 165.1495 0001832  84.2963 343.3941 14.34221617 19388
IRIDIUM 72 [+]          
1 25343U 98032B   17309.68513292  .00000101  00000-0  28886-4 0  9993
2 25343  86.3974 164.7630 0001916  86.0697 274.0718 14.34222569 19384
IRIDIUM 73 [-]          
1 25344U 98032C   17309.63631811  .00000147  00000-0  33309-4 0  9993
2 25344  86.4412 143.2135 0001721  75.5026 284.6369 14.49072556 28034
IRIDIUM 75 [+]          
1 25346U 98032E   17309.69148176  .00000103  00000-0  29735-4 0  9998
2 25346  86.3977 165.0175 0001946  85.8220 274.3198 14.34222381 19950
IRIDIUM 3 [+]           
1 25431U 98048A   17309.75758293  .00000188  00000-0  59944-4 0  9992
2 25431  86.4010 196.5464 0001860  82.9195 338.9431 14.34219442  5910
IRIDIUM 76 [+]          
1 25432U 98048B   17309.69489043  .00000203  00000-0  65382-4 0  9991
2 25432  86.4007 196.3223 0001982  76.4271 283.7145 14.34222461  5875
IRIDIUM 82 [-]          
1 25467U 98051A   17309.63352296  .00001071  00000-0  79949-4 0  9994
2 25467  86.3973 315.9916 0180211 246.7291 111.4878 14.89565807  7897
IRIDIUM 81 [+]          
1 25468U 98051B   17309.65125816  .00000034  00000-0  46554-5 0  9998
2 25468  86.4205 322.6861 0002320  85.2949 274.8515 14.38609855  3187
IRIDIUM 80 [+]          
1 25469U 98051C   17309.68422156 -.00000010  00000-0 -10650-4 0  9992
2 25469  86.3934 322.9455 0002309 104.1509  31.8843 14.34217372  3111
IRIDIUM 2 [-]           
1 25527U 98066A   17309.57610253  .00001470  00000-0  72657-4 0  9992
2 25527  85.5268 308.7683 0006792 298.9177  61.1382 15.16947640 39308
IRIDIUM 86 [+]          
1 25528U 98066B   17309.53391015 -.00000013  00000-0 -11840-4 0  9992
2 25528  86.3913 290.6805 0001934  84.0348 276.1068 14.34215869999626
IRIDIUM 84 [+]          
1 25530U 98066D   17309.56561795 -.00000018  00000-0 -13444-4 0  9999
2 25530  86.3914 290.8345 0002125  82.3433 277.8004 14.34215897997267
IRIDIUM 83 [+]          
1 25531U 98066E   17309.59733162 -.00000007  00000-0 -96922-5 0  9993
2 25531  86.3917 290.9524 0002190  83.5824 276.5621 14.34216095994629
IRIDIUM 20 [+]          
1 25577U 98074A   17309.72660521  .00000164  00000-0  51365-4 0  9998
2 25577  86.4006 196.2286 0001971  83.2897 276.8523 14.34219995988725
IRIDIUM 11 [+]          
1 25578U 98074B   17309.75103105  .00000203  00000-0  65474-4 0  9992
2 25578  86.4005 196.4187 0001984  86.1539 334.5312 14.34221856997699
IRIDIUM 14 [+]          
1 25777U 99032A   17309.71051626  .00000089  00000-0  24646-4 0  9992
2 25777  86.3976 164.8387 0001845  86.0326 274.1081 14.34221817974960
IRIDIUM 21 [+]          
1 25778U 99032B   17309.67878901  .00000100  00000-0  28592-4 0  9999
2 25778  86.3975 164.8688 0002045  82.5266 277.6162 14.34222640968394
IRIDIUM 91 [+]          
1 27372U 02005A   17309.72878368  .00000243  00000-0  79657-4 0  9994
2 27372  86.4001 227.9857 0001896  70.2754 349.0103 14.34218768831917
IRIDIUM 90 [S]          
1 27373U 02005B   17309.51913988  .00000003  00000-0 -52567-5 0  9997
2 27373  86.4428 290.9751 0002018  82.2628 277.8802 14.42948602831734
IRIDIUM 94 [+]          
1 27374U 02005C   17309.69857594  .00000220  00000-0  71595-4 0  9998
2 27374  86.4006 196.5739 0001722  64.0470 347.8354 14.34221855836233
IRIDIUM 95 [+]          
1 27375U 02005D   17309.75539953  .00000210  00000-0  67865-4 0  9996
2 27375  86.3999 227.9923 0002332  59.8502 300.2924 14.34214302831201
IRIDIUM 96 [+]          
1 27376U 02005E   17309.66365660  .00000120  00000-0  35924-4 0  9990
2 27376  86.3984 260.0902 0003085  67.9616 292.1908 14.34215738836393
IRIDIUM 97 [+]          
1 27450U 02031A   17309.49238638  .00000016  00000-0 -14911-5 0  9996
2 27450  86.3951 259.7876 0002288  84.1951 275.9505 14.34214021810480
IRIDIUM 98 [+]          
1 27451U 02031B   17309.59448898 -.00000004  00000-0 -85953-5 0  9991
2 27451  86.3928 323.0710 0001743  98.2199 261.9195 14.34217771811578
