MTI                     
1 26102U 00014A   18018.77681473  .00004073  00000-0  76433-4 0  9998
2 26102  97.5799 205.3172 0006573 199.2112 284.7210 15.49246531987878
CFESAT                  
1 30777U 07006F   18021.57008689  .00003328  00000-0  10520-3 0  9999
2 30777  35.4263 145.1553 0005365 167.9713 192.1141 15.32445885601513
SPIRALE A               
1 33751U 09008C   18019.95941443  .00000009  00000-0  15977-4 0  9996
2 33751   2.0767 318.6612 5484394 124.7100 300.0559  4.58675203120805
SPIRALE B               
1 33752U 09008D   18021.64608672  .00003336  00000-0  55272-3 0  9997
2 33752   1.9017 248.3300 6957161 258.2877  22.1375  2.70841709 80763
SAPPHIRE                
1 39088U 13009C   18021.55027545 -.00000018  00000-0  90490-5 0  9993
2 39088  98.5387 227.1753 0011681  15.0634 345.0896 14.34163121256669
