COSMOS 2361 [-]         
1 25590U 98076A   17295.41283734  .00000054  00000-0  41915-4 0  9990
2 25590  82.9381  21.9518 0030354 249.9988 156.6526 13.72939555943392
COSMOS 2378 [-]         
1 26818U 01023A   17294.82665518  .00000024  00000-0  91204-5 0  9992
2 26818  82.9306  43.5390 0032144 204.1247 155.8419 13.73918120820922
COSMOS 2389 [-]         
1 27436U 02026A   17295.52465407  .00000047  00000-0  33002-4 0  9992
2 27436  82.9522 346.9882 0047724  76.2433  32.9816 13.74918755772961
COSMOS 2398 [-]         
1 27818U 03023A   17294.84447792  .00000057  00000-0  44981-4 0  9994
2 27818  82.9457 303.5870 0032945  90.5887 269.9045 13.72149313720300
COSMOS 2407 [+]         
1 28380U 04028A   17294.87682212  .00000033  00000-0  17926-4 0  9999
2 28380  82.9587 254.5304 0040897  88.9393 271.6452 13.76045583665425
COSMOS 2414 [+]         
1 28521U 05002A   17295.48052206  .00000041  00000-0  21831-4 0  9990
2 28521  82.9465 272.5777 0040139 338.7780  21.1715 13.87591984645933
COSMOS 2429 [-]         
1 32052U 07038A   17295.21273149  .00000053  00000-0  38735-4 0  9991
2 32052  82.9843  14.1888 0039597  59.2798 301.2249 13.74894566507502
COSMOS 2454 [-]         
1 35635U 09039A   17295.48725318  .00000053  00000-0  30388-4 0  9999
2 35635  82.9537 262.0860 0018162 301.7532  58.1863 13.89618353418732
COSMOS 2463 [+]         
1 36519U 10017A   17295.25596777  .00000050  00000-0  39574-4 0  9992
2 36519  82.9629  50.8142 0034858 255.7653 103.9641 13.71417215374889
