O3B FM5                 
1 39188U 13031A   18021.18415672 -.00000016  00000-0  00000-0 0  9991
2 39188   0.0515 352.0432 0008005 280.2756  87.5866  5.00116185 83596
O3B FM4                 
1 39189U 13031B   18017.27840630 -.00000022  00000-0  00000-0 0  9990
2 39189   0.0284  16.5499 0002309  45.8614 297.6089  5.00115954 83419
O3B FM2                 
1 39190U 13031C   18018.65267170 -.00000020  00000-0  00000+0 0  9994
2 39190   0.0234  17.2258 0002960  51.2096 291.5930  5.00115833 83442
O3B PFM                 
1 39191U 13031D   18017.27665498 -.00000022  00000-0  00000-0 0  9990
2 39191   0.0446 358.2117 0001720 252.8046 108.9619  5.00116207 83381
O3B FM3                 
1 40079U 14038A   18021.38632179 -.00000016  00000-0  00000-0 0  9995
2 40079   0.0345   4.3444 0004650 277.1156  78.4850  5.00115600 59696
O3B FM7                 
1 40080U 14038B   18020.94129563 -.00000016  00000-0  00000-0 0  9996
2 40080   0.0339   8.0211 0003185 285.6529  66.2897  5.00115480 64456
O3B FM6                 
1 40081U 14038C   18021.36422461 -.00000016  00000-0  00000-0 0  9997
2 40081   0.0343   5.9935 0003557 283.9895  69.9758  5.00114681 64459
O3B FM8                 
1 40082U 14038D   18021.60839245 -.00000016  00000-0  00000+0 0  9996
2 40082   0.0324  10.5840 0002171 263.2115  86.1768  5.00116025 64594
O3B FM10                
1 40348U 14083A   18021.03083021 -.00000016  00000-0  00000+0 0  9991
2 40348   0.0395 358.4224 0003308 317.4742  44.0741  5.00115942 56512
O3B FM11                
1 40349U 14083B   18021.25262058 -.00000016  00000-0  00000-0 0  9996
2 40349   0.0419 358.4744 0002727 317.4758  44.0252  5.00115734 56525
O3B FM12                
1 40350U 14083C   18019.32075331 -.00000019  00000-0  00000-0 0  9992
2 40350   0.0413 359.8103 0002470 302.7073  57.4554  5.00115622 56436
O3B FM9                 
1 40351U 14083D   18021.09726950 -.00000016  00000-0  00000+0 0  9996
2 40351   0.0419 356.8530 0003035 312.8868  50.2306  5.00115482 56526
DIAMOND RED             
1 42783U 17036U   18021.72573644  .00001109  00000-0  52861-4 0  9998
2 42783  97.4223  83.7394 0011442 224.1874 135.8448 15.21142919 32246
DIAMOND GREEN           
1 42785U 17036W   18021.59332427  .00001111  00000-0  52940-4 0  9998
2 42785  97.4226  83.6173 0011310 225.2604 134.7712 15.21141775 32298
DIAMOND BLUE            
1 42786U 17036X   18021.72387206  .00001098  00000-0  52383-4 0  9994
2 42786  97.4225  83.7470 0011160 225.0605 134.9726 15.21137513 32237
