CALSPHERE 1             
1 00900U 64063C   17286.56708487  .00000259  00000-0  26991-3 0  9993
2 00900  90.1478  13.2408 0028970 116.4308 310.0711 13.72979814636253
CALSPHERE 2             
1 00902U 64063E   17285.93524545  .00000036  00000-0  40754-4 0  9993
2 00902  90.1556  15.5785 0020045  69.5903 343.5779 13.52653149427801
LCS 1                   
1 01361U 65034C   17286.05521004  .00000003  00000-0 -71244-3 0  9995
2 01361  32.1377 141.5776 0011722 196.5337 163.4778  9.89292797896386
TEMPSAT 1               
1 01512U 65065E   17286.51730512  .00000050  00000-0  80921-4 0  9998
2 01512  89.8289 240.2314 0070962 144.3999 321.0260 13.33404510537760
CALSPHERE 4(A)          
1 01520U 65065H   17286.59760708  .00000061  00000-0  99567-4 0  9993
2 01520  90.0731 123.6717 0070818  40.6035  43.5682 13.35744882539650
OPS 5712 (P/L 160)      
1 02826U 67053A   17286.59343607  .00000702  00000-0  20505-3 0  9994
2 02826  69.9287 325.6248 0009338 249.6703 110.3426 14.48058716605322
OPS 5712 (P/L 153)      
1 02874U 67053H   17286.59853497  .00000004  00000-0  41495-4 0  9997
2 02874  69.9741  62.8608 0008625 329.4351  30.6251 13.96297697564457
SURCAL 150B             
1 02909U 67053J   17286.60706688  .00001167  00000-0  25461-3 0  9992
2 02909  69.9499  33.1831 0007195 298.5645  61.4770 14.60379115614045
RIGIDSPHERE 2 (LCS 4)   
1 05398U 71067E   17286.61297625  .00000205  00000-0  66423-4 0  9990
2 05398  87.6213 133.8594 0061476 255.6930 103.7436 14.33623082419539
