RADUGA 1 [-]            
1 08513U 75123A   18039.78035464 -.00000084  00000-0  00000-0 0  9996
2 08513  10.0706 309.3469 0004632 203.6081 341.5569  1.00246749164223
RADUGA 2 [-]            
1 09416U 76092A   18039.81712598  .00000009  00000-0  00000-0 0  9995
2 09416  10.6946 311.1901 0030662 311.4064 234.3430  1.00279745 98753
RADUGA 3 [-]            
1 10159U 77071A   18037.70670969 -.00000183  00000-0  00000+0 0  9993
2 10159  11.2581 313.4778 0006940 221.3473 302.0653  1.00191345146442
RADUGA 4 [-]            
1 10987U 78073A   18039.87931288  .00000126  00000-0  00000-0 0  9996
2 10987  11.7988 316.3570 0013589 313.3034 227.0269  1.00304111 89016
RADUGA 5 [-]            
1 11343U 79035A   18039.78035464 -.00000158  00000-0  00000-0 0  9999
2 11343  12.1861 318.6397 0001350  30.5235 150.8325  1.00293880 98762
RADUGA 6 [-]            
1 11708U 80016A   18039.03020501  .00000015  00000-0  00000-0 0  9990
2 11708  12.4591 321.1596 0003480 285.9747 321.8097  1.00335835 91564
RADUGA 7 [-]            
1 12003U 80081A   18039.25336694 -.00000298  00000-0  00000+0 0  9991
2 12003  12.5822 322.7939 0011764 254.9166 307.7034  1.00357781 92822
RADUGA 8 [-]            
1 12351U 81027A   18039.65953769 -.00000077  00000-0  00000+0 0  9995
2 12351  12.8830 323.5542 0082548 183.8579  32.9948  1.00344215 91913
RADUGA 9 [-]            
1 12618U 81069A   18038.79796588 -.00000148  00000-0  00000+0 0  9994
2 12618  13.0125 325.8168 0003548 343.0710 193.4814  1.00356679 97736
RADUGA 10 [-]           
1 12897U 81102A   18038.79779056 -.00000074  00000-0  00000-0 0  9991
2 12897  13.0632 326.5828 0000943 205.7970 323.4945  1.00294519 86740
RADUGA 11 [-]           
1 13669U 82113A   18039.20115348 -.00000142  00000-0  00000+0 0  9992
2 13669  14.6036 337.8360 0039760 217.2535 327.9449  0.97708898 91719
RADUGA 12 [-]           
1 13974U 83028A   18039.85951924 -.00000041  00000-0  00000-0 0  9995
2 13974  13.7991 335.0337 0005046 325.3567 215.9362  1.00256150138792
RADUGA 13 [-]           
1 14307U 83088A   18039.66073687 -.00000213  00000-0  00000-0 0  9993
2 14307  14.7508 339.5093 0018990 346.4010 194.9431  0.98175399 88995
RADUGA 14 [-]           
1 14725U 84016A   18039.83309854 -.00000149  00000-0  00000-0 0  9994
2 14725  13.8312 338.1773 0002621 338.1981 200.8685  1.00298396 87513
RADUGA 15 [-]           
1 15057U 84063A   18038.98799273  .00000120  00000-0  00000+0 0  9995
2 15057  13.8989 339.1567 0000932 334.6841 218.5053  1.00197780110497
RADUGA 16 [-]           
1 15946U 85070A   18039.67103615  .00000023  00000-0  00000+0 0  9999
2 15946  14.1136 343.3692 0004405 290.6970 340.2671  1.00171460 91631
RADUGA 17 [-]           
1 16250U 85107A   18039.50002448 -.00000031  00000-0  00000-0 0  9994
2 16250  14.1666 344.5636 0006911 167.4488  51.0497  1.00128661121113
RADUGA 18 [-]           
1 16497U 86007A   18039.24768426 -.00000172  00000-0  00000+0 0  9998
2 16497  14.8555 346.8940 0068361 122.4508  58.3468  0.98812367115765
RADUGA 19 [-]           
1 17046U 86082A   18039.60013566 -.00000128  00000-0  00000-0 0  9992
2 17046  15.0543 350.4099 0005861 104.2380  99.6268  0.98461084112875
RADUGA 20 [-]           
1 17611U 87028A   18038.97903984 -.00000123  00000-0  00000+0 0  9996
2 17611  16.8835 353.9472 0021983  92.5789  75.4827  0.95962235109010
RADUGA 21 [-]           
1 18631U 87100A   18039.25758601 -.00000309  00000-0  00000-0 0  9993
2 18631  15.0232 352.1246 0003215 295.8050 251.7784  1.00256843110495
RADUGA 22 [-]           
1 19596U 88095A   18039.50671142  .00000118  00000-0  00000-0 0  9997
2 19596  14.7447 355.8179 0001413 347.8552  11.0747  1.00347786 91051
RADUGA 23 [-]           
1 19928U 89030A   18039.53141537 -.00000311  00000-0  00000-0 0  9995
2 19928  14.7712 357.4992 0014951 125.1777 302.9555  1.00352362104266
RADUGA-1 1 [-]          
1 20083U 89048A   18038.98309795  .00000002  00000-0  00000-0 0  9994
2 20083  15.3470   0.1562 0015816  62.8451 120.8331  0.98706804101154
RADUGA 24 [-]           
1 20367U 89098A   18038.90611863 -.00000040  00000-0  00000+0 0  9990
2 20367  15.1803   0.0336 0004680 272.4062 259.6338  1.00207979102432
RADUGA 25 [-]           
1 20499U 90016A   18039.29803300 -.00000253  00000-0  00000-0 0  9997
2 20499  14.9139   0.4610 0003979 285.8840 287.2353  1.00285960102315
RADUGA 26 [-]           
1 21016U 90112A   18039.92499708  .00000049  00000-0  00000-0 0  9995
2 21016  14.9991   3.5891 0005182 341.9173 180.9683  1.00291081 99673
RADUGA-1 2 [-]          
1 21038U 90116A   18039.48452062  .00000068  00000-0  00000-0 0  9997
2 21038  15.0305   3.7016 0004455   5.9129 355.5832  1.00244993 16753
RADUGA 27 [-]           
1 21132U 91014A   18039.77893203 -.00000374  00000-0  00000-0 0  9999
2 21132  15.5546   3.8154 0004663 309.1917 230.5923  1.00309510 98726
RADUGA 28 [-]           
1 21821U 91087A   18038.98309795  .00000081  00000-0  00000-0 0  9998
2 21821  15.0708   6.9936 0001767   5.9575 169.3549  1.00200683 95722
RADUGA 29 [-]           
1 22557U 93013A   18038.93900234 -.00000131  00000-0  00000+0 0  9992
2 22557  14.9682  11.0909 0002600 333.0991 210.7527  1.00160043 91097
RADUGA 30 [-]           
1 22836U 93062A   18038.99146439 -.00000175  00000-0  00000-0 0  9990
2 22836  14.8739  12.9097 0007672 268.5235 294.5532  1.00269559 15403
RADUGA-1 3 [-]          
1 22981U 94008A   18039.53110115 -.00000333  00000-0  00000+0 0  9990
2 22981  14.8659  14.0940 0004146 284.9616 131.6787  1.00270788 87928
RADUGA 31 [-]           
1 23010U 94012A   18038.96126056  .00000038  00000-0  00000-0 0  9998
2 23010  14.8358  14.0715 0003328 309.6204 215.5886  1.00323326 87757
RADUGA 32 [-]           
1 23448U 94087A   18038.99146439 -.00000168  00000-0  00000-0 0  9990
2 23448  14.6228  16.6254 0008909 229.0811 329.4811  1.00271592102287
RADUGA-1 4 [-]          
1 25642U 99010A   18039.03003933  .00000045  00000-0  00000-0 0  9999
2 25642  14.3189  28.7642 0006862 239.3123 294.7496  1.00341216 69353
RADUGA-1 5 [-]          
1 26477U 00049A   18039.59976207  .00000108  00000-0  00000-0 0  9994
2 26477  12.0052  31.3271 0004452 289.9183  76.8474  1.00269170 63832
RADUGA-1 6 [-]          
1 26936U 01045A   18039.44727103 -.00000184  00000-0  00000-0 0  9999
2 26936  11.7212  36.8097 0013811 146.3914 295.4638  0.97745767 58784
RADUGA-1 7 [-]          
1 28194U 04010A   18039.17346929  .00000079  00000-0  00000-0 0  9997
2 28194  10.0362  44.0359 0004388 226.3071 307.3217  1.00260812 50814
RADUGA-1M 1 [-]         
1 32373U 07058A   18039.50184913 -.00000270  00000-0  00000+0 0  9999
2 32373   3.5558  72.6297 0005675 231.2905 174.5541  0.99401889 37997
RADUGA-1 8 [-]          
1 34264U 09010A   18039.91122330 -.00000291  00000-0  00000-0 0  9994
2 34264   6.1915  66.2449 0011691 298.5725 252.0627  0.99832170 32727
RADUGA-1M 2 [+]         
1 36358U 10002A   18039.71990392 -.00000195  00000-0  00000-0 0  9995
2 36358   0.0388 254.9678 0002999 123.3127 104.6174  1.00272333 19526
RADUGA-1M 3 [+]         
1 39375U 13062A   18039.85951924 -.00000050  00000-0  00000-0 0  9999
2 39375   0.0288 184.8365 0002272 160.4735 172.9992  1.00273012 15541
