SCD 1                   
1 22490U 93009B   17279.49199894  .00000257  00000-0  20899-4 0  9993
2 22490  24.9706 338.3765 0043281  69.8893  53.5265 14.44500031301713
TECHSAT 1B (GO-32)      
1 25397U 98043D   17278.89060913 -.00000003  00000-0  17732-4 0  9999
2 25397  98.6184 218.9355 0002225  61.0251 299.1150 14.23630182999322
SCD 2                   
1 25504U 98060A   17279.14121213  .00000258  00000-0  22138-4 0  9995
2 25504  24.9945 184.3785 0017474  98.9320  48.7898 14.44019765   994
LANDSAT 7               
1 25682U 99020A   17278.75242384 -.00000528  00000-0 -10725-3 0  9998
2 25682  98.2021 348.3201 0001048  62.2092 297.9194 14.57107821982693
DLR-TUBSAT              
1 25757U 99029B   17278.94409893  .00000057  00000-0  25818-4 0  9996
2 25757  98.4051 190.8881 0013926 325.3664  34.6623 14.51367811972537
QUIKSCAT                
1 25789U 99034A   17279.43717387 -.00000010  00000-0  13874-4 0  9991
2 25789  98.6055 106.3023 0001978  78.9787 281.1617 14.27286263953062
TERRA                   
1 25994U 99068A   17288.44535476  .00000168  00000-0  37297-4 0  9992
2 25994  98.1989   1.7124 0000757  72.1783 288.0110 14.57123886948182
MAROC-TUBSAT            
1 27004U 01056D   17278.93169306 -.00000041  00000-0  30664-5 0  9997
2 27004  99.3746  55.7947 0020501  50.6990  57.7742 13.70124804791219
AQUA                    
1 27424U 02022A   17288.46445486  .00000229  00000-0  50842-4 0  9998
2 27424  98.2101 227.9996 0001816  80.9101 279.2816 14.57114340821793
IRS-P6 (RESOURCESAT-1)  
1 28051U 03046A   17279.37064906  .00000027  00000-0  24822-4 0  9991
2 28051  98.5810 353.9713 0057468  67.8753 292.8516 14.34132199725190
SHIYAN 1 (SY-1)         
1 28220U 04012A   17278.89606166  .00001597  00000-0  13539-3 0  9994
2 28220  97.7103 233.7210 0012564 124.4324 235.8089 14.99329380732880
FORMOSAT-2 (ROCSAT 2)   
1 28254U 04018A   17279.41660880  .00000276  00000-0  21369-3 0  9992
2 28254  98.8646 335.7162 0002036 159.6285  22.6449 14.00700494684169
AURA                    
1 28376U 04026A   17279.47431274  .00000151  00000-0  43486-4 0  9992
2 28376  98.2121 221.3066 0001950  86.1422 273.9999 14.57107373703522
IRS-P5 (CARTOSAT-1)     
1 28649U 05017A   17279.38325198  .00000264  00000-0  38577-4 0  9993
2 28649  97.8524 351.9903 0003278  59.4192 300.7352 14.83461615672460
SINAH 1                 
1 28893U 05043D   17279.41358756  .00000041  00000-0  17208-4 0  9994
2 28893  97.8892  72.2919 0015777 157.8054 202.3834 14.61448812636693
EROS B                  
1 29079U 06014A   17278.85385396  .00004128  00000-0  18474-3 0  9992
2 29079  97.3646  37.4747 0004429 141.1286 334.0715 15.21817953635210
RESURS-DK 1             
1 29228U 06021A   17279.44384886  .00000262  00000-0  27253-4 0  9996
2 29228  69.9358 175.0078 0005212 208.0471 152.0409 15.02218601624802
ARIRANG-2 (KOMPSAT-2)   
1 29268U 06031A   17278.82667396  .00000165  00000-0  41823-4 0  9993
2 29268  98.0872 175.8172 0018783  20.9586 339.2382 14.62292904597168
LAPAN-TUBSAT            
1 29709U 07001A   17278.85017046  .00000129  00000-0  22620-4 0  9999
2 29709  97.7171 249.6254 0014515  89.6437 270.6446 14.82082032580378
CARTOSAT-2 (IRS-P7)     
1 29710U 07001B   17278.82657498  .00000271  00000-0  43934-4 0  9998
2 29710  97.9142 338.1341 0002043 124.3398 235.7980 14.78682166579548
HAIYANG-1B              
1 31113U 07010A   17278.88960173 -.00000006  00000-0  14565-4 0  9996
2 31113  98.5467 332.0654 0012716 237.4704 122.5245 14.30182429547299
COSMO-SKYMED 1          
1 31598U 07023A   17278.82329057  .00000430  00000-0  60521-4 0  9994
2 31598  97.8886 100.9398 0001330  84.2625 275.8737 14.82154299558831
TERRASAR-X              
1 31698U 07026A   17278.56242945  .00000577  00000-0  30670-4 0  9993
2 31698  97.4469 284.6607 0001806  85.3807 274.7634 15.19149860216508
WORLDVIEW-1 (WV-1)      
1 32060U 07041A   17278.81676765  .00002014  00000-0  85198-4 0  9996
2 32060  97.3716  37.2130 0001734 134.6105  16.5154 15.24352889559106
YAOGAN 3                
1 32289U 07055A   17279.39492112  .00000372  00000-0  55126-4 0  9993
2 32289  98.0028 281.1000 0001255  72.0575 288.0773 14.80845755535199
COSMO-SKYMED 2          
1 32376U 07059A   17278.85704153 -.00000257  00000-0 -25737-4 0  9994
2 32376  97.8885 100.9714 0001446  81.6805 278.4581 14.82154673531581
RADARSAT-2              
1 32382U 07061A   17278.87563839  .00000005  00000-0  18743-4 0  9998
2 32382  98.5771 284.8717 0001298  89.5495  29.4093 14.29984047512119
CARTOSAT-2A             
1 32783U 08021A   17279.41338274  .00000387  00000-0  59769-4 0  9990
2 32783  97.9154 338.8091 0012336 323.3645  36.6726 14.78693866509577
JASON-2 (OSTM)          
1 33105U 08032A   17288.45871647  .00000007  00000-0  10000-3 0  9994
2 33105  66.0417 229.2368 0005582 260.5486  99.4959 12.87629706436074
RAPIDEYE 2              
1 33312U 08040A   17278.89232285  .00000114  00000-0  21829-4 0  9990
2 33312  97.8122 356.8829 0012789 358.1945   1.9205 14.79865368491745
RAPIDEYE 5              
1 33313U 08040B   17278.78041579  .00000149  00000-0  26485-4 0  9994
2 33313  97.8234 354.9064 0015454 223.0155 136.9856 14.79862530491676
RAPIDEYE 1              
1 33314U 08040C   17278.83647116  .00000112  00000-0  21627-4 0  9993
2 33314  97.8137 356.4788 0024528   8.3158 351.8437 14.79861594491726
RAPIDEYE 3              
1 33315U 08040D   17279.34580673  .00000125  00000-0  23360-4 0  9995
2 33315  97.8258 355.1672 0010951 306.6247  53.3955 14.79863643491767
RAPIDEYE 4              
1 33316U 08040E   17278.79172831  .00000163  00000-0  28387-4 0  9993
2 33316  97.8294 354.2461 0009951 244.4963 115.5227 14.79831307491671
HUANJING 1A (HJ-1A)     
1 33320U 08041A   17278.89042128  .00000287  00000-0  47975-4 0  9996
2 33320  97.9251 341.7264 0027130  31.0175 329.2610 14.76836231489121
HUANJING 1B (HJ-1B)     
1 33321U 08041B   17278.89074893  .00000306  00000-0  50416-4 0  9997
2 33321  97.9304 343.0198 0035898  46.1491 314.2656 14.76916149489110
GEOEYE 1                
1 33331U 08042A   17278.76513710 -.00000061  00000-0 -25184-5 0  9996
2 33331  98.1011 352.2489 0008823 279.0946  80.9250 14.64224484485286
THEOS                   
1 33396U 08049A   17278.91004630  .00000169  00000-0  10000-3 0  9993
2 33396  98.7668 344.5903 0001089  90.1202 270.2433 14.20006531467190
COSMO-SKYMED 3          
1 33412U 08054A   17278.84435985 -.00000287  00000-0 -29437-4 0  9999
2 33412  97.8887 100.9590 0001506  77.0709 283.0649 14.82155906484041
YAOGAN 4                
1 33446U 08061A   17278.96873868  .00000168  00000-0  30729-4 0  9995
2 33446  97.6017 269.5060 0014646 304.4213  55.5613 14.76700248476379
GOSAT (IBUKI)           
1 33492U 09002A   17279.36869145 -.00000271  00000-0 -39238-4 0  9991
2 33492  98.1318  30.1329 0001146  79.0718 281.0622 14.67512482466136
YAOGAN 6                
1 34839U 09021A   17278.90915178  .00001002  00000-0  41487-4 0  9995
2 34839  97.1316 324.4817 0027008 289.2736  70.5582 15.25842998469446
DEIMOS-1                
1 35681U 09041A   17279.36690709  .00000109  00000-0  25251-4 0  9992
2 35681  97.9366 169.0353 0001694  28.3246 331.8011 14.71688530439496
DUBAISAT-1              
1 35682U 09041B   17279.41563134  .00000143  00000-0  32523-4 0  9998
2 35682  97.7830 134.7172 0012073 151.1023 209.0839 14.68612701438531
OCEANSAT-2              
1 35931U 09051A   17279.47765762  .00000128  00000-0  43707-4 0  9992
2 35931  98.3101  12.6828 0002227 174.2850 185.8370 14.50835513425594
WORLDVIEW-2 (WV-2)      
1 35946U 09055A   17278.81252084  .00000073  00000-0  38847-4 0  9995
2 35946  98.4973 353.9040 0002379  52.5365 307.6056 14.37648433419408
SMOS                    
1 36036U 09059A   17279.48846230  .00000059  00000-0  32573-4 0  9990
2 36036  98.4450 105.6001 0001175  84.4460 275.6863 14.39769779416621
YAOGAN 7                
1 36110U 09069A   17278.89690838  .00000238  00000-0  43131-4 0  9990
2 36110  98.2272  79.4664 0025408 118.4705 241.9068 14.75067718421210
TANDEM-X                
1 36605U 10030A   17278.62829864  .00000155  00000-0  10563-4 0  9994
2 36605  97.4471 284.7295 0002106  82.1978 277.9495 15.19149671216517
CARTOSAT-2B             
1 36795U 10035A   17279.38258147  .00000124  00000-0  23932-4 0  9993
2 36795  97.9126 338.5828 0015617  34.8486 325.3741 14.78699235390614
YAOGAN 10               
1 36834U 10038A   17279.34963272  .00000156  00000-0  26996-4 0  9996
2 36834  97.9394 274.6365 0001285  58.8942 301.2401 14.80854212386937
COSMO-SKYMED 4          
1 37216U 10060A   17278.80641108  .00000125  00000-0  22224-4 0  9993
2 37216  97.8891 100.9212 0001394  75.5009 284.6362 14.82151572374125
HAIYANG 2A              
1 37781U 11043A   17278.45943058 -.00000045  00000-0 -89243-6 0  9991
2 37781  99.3297 287.8198 0001675  78.6198 281.5222 13.78717130309178
RASAT                   
1 37791U 11044D   17279.35220184  .00000095  00000-0  26950-4 0  9998
2 37791  98.1347   9.9987 0022814 129.0471 231.2771 14.64624631328041
MEGHA-TROPIQUES         
1 37838U 11058A   17279.03678781  .00000326  00000-0  34989-4 0  9998
2 37838  19.9766 197.6475 0009688 196.4232 163.5859 14.09687111308765
SRMSAT                  
1 37841U 11058D   17279.06761559  .00000338  00000-0  40674-4 0  9992
2 37841  19.9710 182.1214 0011840 218.4641 263.0020 14.10586076308957
YAOGAN 13               
1 37941U 11072A   17278.86627691  .00001909  00000-0  97235-4 0  9994
2 37941  97.4864 205.6354 0001307  27.8487  57.6886 15.17998131324459
PLEIADES 1A             
1 38012U 11076F   17279.34081949  .00000035  00000-0  17419-4 0  9997
2 38012  98.1902 352.9837 0001239  77.0556 283.0789 14.58557148309060
ZIYUAN 1-02C (ZY 1-02C) 
1 38038U 11079A   17279.38284479  .00000069  00000-0  38693-4 0  9999
2 38038  98.3320 339.6096 0001627 103.4241 256.7124 14.35456542303457
ZIYUAN 3 (ZY 3)         
1 38046U 12001A   17279.40805072  .00001603  00000-0  74720-4 0  9991
2 38046  97.5266 346.4886 0003015  41.0766  19.9349 15.21344273318863
RISAT-1                 
1 38248U 12017A   17278.89096449  .00001286  00000-0  84732-4 0  9995
2 38248  97.5755 285.1632 0005405  41.6106  75.1838 15.09252087299937
ARIRANG-3 (KOMPSAT-3)   
1 38338U 12025B   17278.83501256  .00000148  00000-0  39136-4 0  9999
2 38338  98.1449 215.2959 0010284 352.2308   7.8735 14.61596563287343
KANOPUS-V 1             
1 38707U 12039A   17279.39745230  .00000661  00000-0  33599-4 0  9995
2 38707  97.4484 196.0932 0002071  76.5950  35.0581 15.20290495288956
EXACTVIEW-1 (ADS-1B)    
1 38709U 12039C   17279.28952412  .00000017  00000-0  28316-4 0  9993
2 38709  99.1103 259.7136 0010201 297.9409  62.0737 14.23953959270643
SPOT 6                  
1 38755U 12047A   17278.80798645  .00000010  00000-0  11903-4 0  9993
2 38755  98.2089 344.9048 0001434  91.7248 268.4104 14.58550571270062
PLEIADES 1B             
1 39019U 12068A   17279.37521646  .00000043  00000-0  19002-4 0  9992
2 39019  98.1935 353.0840 0001285  77.5318 282.6027 14.58555076257927
GOKTURK 2               
1 39030U 12073A   17279.34729267  .00000107  00000-0  24436-4 0  9995
2 39030  97.9789 170.3041 0002861  71.6285 288.5217 14.72669460256919
LANDSAT 8               
1 39084U 13008A   17279.26581570  .00000081  00000-0  28105-4 0  9995
2 39084  98.2135 348.2489 0001235  97.4210 262.7129 14.57107209247239
SARAL                   
1 39086U 13009A   17279.47835233 -.00000010  00000-0  12344-4 0  9990
2 39086  98.5406 105.3382 0000238  22.3512 337.7681 14.32012305241036
GAOFEN 1                
1 39150U 13018A   17278.84837826  .00000140  00000-0  27344-4 0  9991
2 39150  97.9467   0.8563 0020409  61.6336 298.6915 14.76506622239579
VNREDSAT 1              
1 39160U 13021B   17279.40144154  .00000141  00000-0  36573-4 0  9999
2 39160  98.0737 352.8634 0001148  73.6037 286.5292 14.62981122235860
ARIRANG-5 (KOMPSAT-5)   
1 39227U 13042A   17279.40529954  .00001175  00000-0  88173-4 0  9992
2 39227  97.6094 102.6912 0001658  82.7173   7.7917 15.04531363226416
YAOGAN 18               
1 39363U 13059A   17278.87523441  .00001392  00000-0  71682-4 0  9994
2 39363  97.3819 344.7505 0003152 105.9386   5.5677 15.18019783218110
SKYSAT-1                
1 39418U 13066C   17279.32600535  .00001128  00000-0  98802-4 0  9994
2 39418  97.6956   1.0428 0019885 273.8225  86.0718 14.98554209211724
DUBAISAT-2              
1 39419U 13066D   17279.33041210 -.00000069  00000-0 -12396-5 0  9995
2 39419  97.6694 349.4487 0012442 257.9301 102.0530 14.93704891211098
GPM-CORE                
1 39574U 14009C   17278.89319570  .00003990  00000-0  62327-4 0  9994
2 39574  65.0076 263.3845 0010554 280.8640  79.1319 15.55464480204736
SENTINEL-1A             
1 39634U 14016A   17279.34449805  .00000001  00000-0  99171-5 0  9993
2 39634  98.1822 285.4094 0001383  73.9357 286.1996 14.59198720186909
KAZEOSAT 1              
1 39731U 14024A   17279.37036327  .00000021  00000-0  19578-4 0  9998
2 39731  98.4119 356.9251 0001305  70.5419 289.5912 14.42021232180919
ALOS-2                  
1 39766U 14029A   17278.82994591 -.00000020  00000-0  41835-5 0  9998
2 39766  97.9221  14.5685 0001543  82.9519 277.1865 14.79471968181966
KAZEOSAT 2              
1 40010U 14033A   17278.84943235  .00000132  00000-0  23232-4 0  9991
2 40010  97.8830 178.9636 0015238 278.1814  81.7669 14.82067301178333
HODOYOSHI-4             
1 40011U 14033B   17278.83165504  .00000299  00000-0  45390-4 0  9999
2 40011  97.8724 175.1527 0025429 272.3452  87.4850 14.80919573178139
DEIMOS-2                
1 40013U 14033D   17278.89573434  .00000162  00000-0  25295-4 0  9993
2 40013  97.8735 181.6946 0001756  32.1581 327.9743 14.84853553178639
HODOYOSHI-3             
1 40015U 14033F   17278.91597218  .00000197  00000-0  34071-4 0  9994
2 40015  97.8595 169.5618 0035703 278.7243  80.9924 14.78287689177818
SPOT 7                  
1 40053U 14034A   17278.84162858 -.00000046  00000-0  00000-0 0  9992
2 40053  98.2221 344.6746 0001250  93.5905 266.5437 14.58541071174002
SKYSAT-2                
1 40072U 14037D   17279.40708947  .00000209  00000-0  34320-4 0  9990
2 40072  98.3456  34.9947 0007413  56.1737 304.0170 14.81022200175446
WORLDVIEW-3 (WV-3)      
1 40115U 14048A   17278.77341166  .00000252  00000-0  35890-4 0  9996
2 40115  97.8633 357.5939 0000828  46.8227 313.3052 14.84879432170518
YAOGAN 21               
1 40143U 14053A   17278.89372493  .00002189  00000-0  90463-4 0  9991
2 40143  97.3028 349.2938 0010603 153.7768 260.3950 15.24995164171277
YAOGAN 22               
1 40275U 14063A   17278.80882878 -.00000044  00000-0  00000-0 0  9995
2 40275 100.4215  30.2737 0006337 175.0171 185.1007 13.15322866142181
ASNARO                  
1 40298U 14070A   17278.91304255  .00002172  00000-0  10533-3 0  9996
2 40298  97.4517 358.8380 0001974  96.9962  22.6208 15.19570328161677
HODOYOSHI-1             
1 40299U 14070B   17278.87557789  .00001654  00000-0  74253-4 0  9998
2 40299  97.3982 359.9152 0014826  66.6472 357.4115 15.22485297161784
CHUBUSAT-1              
1 40300U 14070C   17278.87598708  .00001825  00000-0  84632-4 0  9999
2 40300  97.3895 356.7184 0022271  74.9219 350.0945 15.21108532161619
QSAT-EOS                
1 40301U 14070D   17278.87698788  .00003988  00000-0  16704-3 0  9995
2 40301  97.3830 357.0883 0028951  69.1444  22.4246 15.23732255161684
TSUBAME                 
1 40302U 14070E   17278.87321332  .00002018  00000-0  10444-3 0  9992
2 40302  97.3677 347.8574 0041349  96.8677  14.3374 15.16626886161124
YAOGAN 23               
1 40305U 14071A   17278.82996714  .00001719  00000-0  88085-4 0  9997
2 40305  97.4326 214.8066 0000283 132.8132 286.0693 15.17907682160215
YAOGAN 24               
1 40310U 14072A   17279.37575396  .00000196  00000-0  34966-4 0  9991
2 40310  98.0147  38.8242 0018598  73.2078 287.1176 14.77149651155136
CBERS 4                 
1 40336U 14079A   17278.89932142 -.00000002  00000-0  14151-4 0  9999
2 40336  98.4454 351.3226 0001794  81.4374 278.7024 14.35464711148292
RESURS P2               
1 40360U 14087A   17279.40667567  .00001817  00000-0  61064-4 0  9998
2 40360  97.2767  11.1437 0012078 108.5710 316.7506 15.32058597155419
YAOGAN 26               
1 40362U 14088A   17279.39848704  .00002576  00000-0  10182-3 0  9990
2 40362  97.3484 356.5626 0004526 242.8142 183.8510 15.26386535154724
SMAP                    
1 40376U 15003A   17279.43162997  .00000107  00000-0  29718-4 0  9995
2 40376  98.1256 285.5084 0001198 107.6433 252.4903 14.63375255143169
KOMPSAT-3A              
1 40536U 15014A   17278.85561628  .00000977  00000-0  60038-4 0  9999
2 40536  97.4875 216.4407 0009697 325.7887 119.0764 15.12358043139772
SENTINEL-2A             
1 40697U 15028A   17278.03965540 -.00000044  00000-0  29245-7 0  9997
2 40697  98.5722 351.4051 0001297  76.1181 284.0150 14.30814498119400
CARBONITE 1 (CBNT-1)    
1 40718U 15032D   17278.89569071  .00000138  00000-0  28177-4 0  9992
2 40718  97.9538 169.0573 0017500 138.8156 221.4379 14.74551504120567
YAOGAN 27               
1 40878U 15040A   17279.45363219 -.00000044  00000-0  00000+0 0  9994
2 40878 100.3846 338.1958 0007858 320.3166  39.7371 13.15956083101459
LAPAN-A2                
1 40931U 15052B   17278.41284697  .00000835  00000-0  27314-4 0  9993
2 40931   5.9984 166.8209 0013758   1.4186 358.6012 14.76547061109286
YAOGAN 28               
1 41026U 15064A   17278.90587612  .00002865  00000-0  10069-3 0  9992
2 41026  97.3296  45.1907 0008622 303.3599 170.5849 15.30165793106682
YAOGAN 29               
1 41038U 15069A   17279.38085156  .00000114  00000-0  21672-4 0  9997
2 41038  97.9100 259.9623 0001043  92.5380 267.5958 14.80411941100539
KENT RIDGE 1            
1 41167U 15077B   17278.84761574  .00001222  00000-0  35014-4 0  9990
2 41167  14.9856  95.8567 0011536  83.1463 128.6231 15.08770541 99677
TELEOS 1                
1 41169U 15077D   17279.22521991  .00002167  00000-0  91118-4 0  9998
2 41169  14.9796  90.1590 0010702  87.3700 248.3148 15.09555475 99754
JASON-3                 
1 41240U 16002A   17279.42478138 -.00000074  00000-0 -57649-4 0  9991
2 41240  66.0400 251.1017 0008289 267.6102  92.3964 12.80929401 80396
SENTINEL-3A             
1 41335U 16011A   17279.45518541  .00000021  00000-0  26847-4 0  9998
2 41335  98.6294 345.2979 0001233 103.2880 256.8438 14.26734215 85224
SENTINEL-1B             
1 41456U 16025A   17278.89829817 -.00000018  00000-0  59127-5 0  9990
2 41456  98.1819 284.7936 0001403  77.0655 283.0703 14.59198604 77009
ZIYUAN 3-2 (ZY 3-2)     
1 41556U 16033A   17279.40121736  .00001713  00000-0  79543-4 0  9998
2 41556  97.4560 355.1609 0001410 104.6303 321.8129 15.21363968 75154
NUSAT-1 (FRESCO)        
1 41557U 16033B   17278.87446554  .00002681  00000-0  10227-3 0  9995
2 41557  97.4572 358.3769 0013439 343.1648  16.9143 15.27486948 75323
NUSAT-2 (BATATA)        
1 41558U 16033C   17279.37809325  .00002943  00000-0  11264-3 0  9994
2 41558  97.4598 358.9467 0012815 340.1966  19.8774 15.27312262 75396
CARTOSAT-2C             
1 41599U 16040A   17278.90562500  .00001060  00000-0  53411-4 0  9996
2 41599  97.4477 339.2187 0015306  53.5421 307.2915 15.19259800 71461
SKYSAT-C1               
1 41601U 16040C   17279.48471145  .00001501  00000-0  68159-4 0  9993
2 41601  97.6021 346.1334 0002197  80.5299 279.6185 15.22392442 71678
LAPAN-A3                
1 41603U 16040E   17279.47698086  .00000498  00000-0  26672-4 0  9997
2 41603  97.4503 340.0606 0015056  50.1385  45.9787 15.19429036 71550
BIROS                   
1 41604U 16040F   17278.92106400  .00001086  00000-0  51984-4 0  9999
2 41604  97.4502 340.1703 0013770  46.3395 313.8980 15.21022370 71519
3CAT-2                  
1 41732U 16051B   17278.74437924  .00002933  00000-0  11926-3 0  9994
2 41732  97.3714 194.0838 0012050 241.1989 203.4865 15.25277237 63384
SKYSAT-C4               
1 41771U 16058B   17279.27162133  .00001266  00000-0  57738-4 0  9990
2 41771  97.3861 350.3461 0002439  75.6796 284.4707 15.22434213 58581
SKYSAT-C5               
1 41772U 16058C   17278.89088659  .00001394  00000-0  63151-4 0  9996
2 41772  97.3827 349.7442 0003558  66.7734 293.3836 15.22499794 58511
SKYSAT-C2               
1 41773U 16058D   17279.24529669  .00001480  00000-0  66979-4 0  9995
2 41773  97.3862 350.3833 0000913  66.9296 293.1984 15.22443866 58577
SKYSAT-C3               
1 41774U 16058E   17278.79899288  .00000994  00000-0  45918-4 0  9991
2 41774  97.3863 349.9165 0002017  57.9333 302.2082 15.22464857 58507
ALSAT 1B                
1 41785U 16059C   17278.79632504  .00000051  00000-0  19198-4 0  9995
2 41785  98.1539 339.1648 0031296 170.3027 189.8774 14.63245670 54750
PATHFINDER 1            
1 41787U 16059E   17278.72710719  .00000153  00000-0  38654-4 0  9996
2 41787  98.1548 339.2856 0030227 171.0213 189.1532 14.63545266 54751
WORLDVIEW-4 (WV-4)      
1 41848U 16067A   17279.46767215  .00000185  00000-0  28222-4 0  9993
2 41848  97.9383 353.0923 0002792  71.0294 289.1222 14.84773233 48778
GOKTURK 1A              
1 41875U 16073A   17279.11650206 -.00001120  00000-0 -21055-3 0  9991
2 41875  98.1390 172.5703 0001449  87.1934 273.0570 14.62780104 44513
RESOURCESAT-2A          
1 41877U 16074A   17278.83867638 -.00000504  00000-0 -20973-3 0  9994
2 41877  98.6995 352.8728 0001323  60.4484 299.6849 14.21627149 43006
CARTOSAT-2D             
1 41948U 17008A   17278.87068022  .00001054  00000-0  53272-4 0  9993
2 41948  97.4819 338.6411 0006816 180.3145 179.8087 15.19250317 35322
SENTINEL-2B             
1 42063U 17013A   17279.40314349 -.00000817  00000-0 -29516-3 0  9995
2 42063  98.5670 352.7173 0001176  83.9311 276.2023 14.30810438 30513
ZHUHAI-1 02 (CAS 4B)    
1 42759U 17034B   17278.79663243  .00000979  00000-0  74381-4 0  9999
2 42759  43.0201  39.5745 0008832 313.9399 175.2376 15.09033985 17013
NUSAT-3 (MILANESAT)     
1 42760U 17034C   17278.75103813  .00001487  00000-0  10647-3 0  9998
2 42760  43.0180  40.0288 0008017 319.0333 189.3723 15.08826317 17010
ZHUHAI-1 01 (CAS 4A)    
1 42761U 17034D   17278.86031490  .00000932  00000-0  71349-4 0  9993
2 42761  43.0192  39.1559 0009302 315.9468 189.6297 15.09108333 17017
CARTOSAT-2E             
1 42767U 17036C   17279.41032548  .00001089  00000-0  54873-4 0  9995
2 42767  97.4376 337.6149 0008072 228.7255 131.3285 15.19247522 15978
