AOR-E (EGNOS/PRN 120)   
1 24307U 96053A   17280.27757667 -.00000132  00000-0  00000+0 0  9990
2 24307   2.8496  77.1163 0005352 135.1035 248.3413  1.00271745 77191
ARTEMIS (EGNOS/PRN 124) 
1 26863U 01029A   17279.70865404 -.00000369  00000-0  00000+0 0  9995
2 26863  12.8427  31.9175 0002088 203.8621 157.8743  1.00277914 60560
CRE (WAAS/PRN 138)      
1 28868U 05036A   17280.52153543 -.00000085  00000-0  00000+0 0  9995
2 28868   0.0436  54.1072 0000836 117.0578 285.6444  1.00271654 44324
CRW (WAAS/PRN 135)      
1 28884U 05041A   17280.51212170  .00000068  00000-0  00000+0 0  9990
2 28884   0.0290 103.7096 0001190 109.8155 214.2092  1.00273218 43796
IOR-W (EGNOS/PRN 126)   
1 28899U 05044A   17279.81567919  .00000003  00000-0  00000+0 0  9993
2 28899   2.5946  13.3198 0003056 193.7727 166.1361  1.00271471 43665
MTSAT-2 (MSAS/PRN 137)  
1 28937U 06004A   17280.49424443 -.00000253  00000-0  00000+0 0  9991
2 28937   0.0609  79.1063 0003759 117.9820 142.2020  1.00270580 42510
AMR (WAAS/PRN 133)      
1 33278U 08039A   17280.31924295 -.00000148  00000-0  00000+0 0  9999
2 33278   3.0262   2.4825 0003120 201.7212 188.9294  1.00272407 33437
QZS-1 (QZSS/PRN 183)    
1 37158U 10045A   17279.54216104 -.00000143  00000-0  00000+0 0  9991
2 37158  40.9267 157.7124 0747916 270.0251 278.5893  1.00297152 25873
GSAT-8 (GAGAN/PRN 127)  
1 37605U 11022A   17280.73521456  .00000074  00000-0  00000+0 0  9998
2 37605   0.0863  95.5505 0006689 157.4689  83.3209  1.00273276 23400
LUCH 5A (SDCM/PRN 140)  
1 37951U 11074B   17280.48452034 -.00000052  00000-0  00000+0 0  9993
2 37951   1.6052 170.7482 0002569  43.6460 143.5093  1.00275465 21351
SES-5 (EGNOS/PRN 136)   
1 38652U 12036A   17280.05046022  .00000024  00000-0  00000+0 0  9998
2 38652   0.0472 263.3384 0001977 296.5949 199.1264  1.00271977 19237
GSAT-10 (GAGAN/PRN 128) 
1 38779U 12051B   17280.72341188 -.00000176  00000-0  00000+0 0  9999
2 38779   0.0432 101.8030 0000900  91.9777 166.2484  1.00271066 18460
LUCH 5B (SDCM/PRN 125)  
1 38977U 12061A   17280.54470218 -.00000138  00000-0  00000+0 0  9995
2 38977   3.7615  73.7629 0001769 126.1731 356.3212  1.00272420 18342
ASTRA 5B (EGNOS/PRN 123)
1 39617U 14011B   17280.39424314  .00000144  00000-0  00000+0 0  9999
2 39617   0.0542 315.7982 0003884 235.5850 358.3134  1.00274812 13034
LUCH 5V (SDCM/PRN 141)  
1 39727U 14023A   17280.45335128 -.00000281  00000-0  00000+0 0  9998
2 39727   2.4933 298.8535 0002058 291.5528  43.7555  1.00267805530688
GSAT-15 (GAGAN/PRN 139) 
1 41028U 15065A   17280.69440293 -.00000269  00000-0  00000+0 0  9994
2 41028   0.0366 127.4268 0002148  80.1383 152.4552  1.00272855  7034
QZS-2 (QZSS/PRN 184)    
1 42738U 17028A   17280.34959851 -.00000187  00000-0  00000+0 0  9990
2 42738  44.6134 288.0507 0738367 271.0402  80.4746  1.00261569  1312
