ASTRA 1D                
1 23331U 94070A   17295.12202476 -.00000274  00000-0  00000+0 0  9993
2 23331   7.7508  48.3588 0003698 165.7616 148.0604  1.00269613 84479
ASTRA 1F                
1 23842U 96021A   17295.37549287  .00000129  00000-0  00000+0 0  9997
2 23842   0.0247  40.2270 0003764 174.8919 355.3254  1.00269177 78643
AMC-1 (GE-1)            
1 24315U 96054A   17294.51038352  .00000048  00000-0  00000+0 0  9990
2 24315   1.8287  84.3812 0002828 141.7172 218.6512  1.00272177 77334
AMC-2 (GE-2)            
1 24713U 97002A   17295.19441795 -.00000219  00000-0  00000+0 0  9991
2 24713   4.5688  65.2560 0004592 146.8603 163.8747  1.00272017 26635
AMC-3 (GE-3)            
1 24936U 97050A   17295.19626000 -.00000269  00000-0  00000+0 0  9990
2 24936   0.6448  91.6938 0002499 109.8643 187.9340  1.00273398 73767
NSS-5                   
1 24957U 97053A   17294.64552552  .00000098  00000-0  00000+0 0  9994
2 24957   4.0791  68.6410 0003014 144.4009 100.1527  1.00275242 73543
ASTRA 1G                
1 25071U 97076A   17294.71714375  .00000097  00000-0  00000-0 0  9998
2 25071   2.5774  77.8852 0002894 133.0490 128.6907  1.00272119 72861
NSS-806                 
1 25239U 98014A   17295.15445486 -.00000289  00000-0  00000+0 0  9993
2 25239   0.0576  32.1853 0004358 178.0184 188.7166  1.00272243 71963
ASTRA 2A                
1 25462U 98050A   17294.75465914 -.00000370  00000-0  00000-0 0  9996
2 25462   0.0427 236.5029 0002178 339.7433 199.3305  1.00270779 14650
ASTRA 1H                
1 25785U 99033A   17295.03035317  .00000125  00000-0  00000+0 0  9994
2 25785   4.0645  68.7876 0003724  74.4925 289.0519  1.00023511 67108
AMC-4 (GE-4)            
1 25954U 99060A   17294.42623785  .00000075  00000-0  00000+0 0  9990
2 25954   0.0731  89.0040 0002155 114.3191 205.2900  1.00271731 65799
ASTRA 2B                
1 26494U 00054A   17294.69351618 -.00000163  00000-0  00000+0 0  9996
2 26494   2.4674  78.5362 0004425 141.1207  40.7528  1.00272324 62546
AMC-7 (GE-7)            
1 26495U 00054B   17295.28905071  .00000078  00000-0  00000+0 0  9995
2 26495   0.0699  84.2807 0002487 162.4094 113.3119  1.00271061 62575
NSS-11 (AAP-1)          
1 26554U 00059A   17294.88096812 -.00000356  00000-0  00000+0 0  9995
2 26554   0.0616  81.7478 0001610 149.8167 224.2777  1.00271377 62485
AMC-6 (GE-6)            
1 26580U 00067A   17295.36157201 -.00000226  00000-0  00000+0 0  9993
2 26580   0.0050 108.0371 0002973 121.1574 208.9747  1.00270655 62304
ASTRA 2D                
1 26638U 00081A   17294.94215923  .00000038  00000-0  00000+0 0  9992
2 26638   3.8914  69.4284 0001717 143.2156 216.8331  1.00274573 61700
AMC-8 (GE-8)            
1 26639U 00081B   17294.87688215  .00000093  00000-0  00000-0 0  9995
2 26639   0.0437  77.4696 0002898 155.8911 333.8547  1.00273283 61655
ASTRA 2C                
1 26853U 01025A   17294.84580834  .00000035  00000-0  00000-0 0  9993
2 26853   0.6639  91.1821 0003576 116.4236 187.6630  1.00272700 13369
ASTRA 3A                
1 27400U 02015B   17294.23692495 -.00000291  00000-0  00000+0 0  9996
2 27400   4.0511  68.1547 0002446 152.8809 207.1756  1.00270596 57028
NSS-7                   
1 27414U 02019A   17294.20215403 -.00000167  00000-0  00000+0 0  9994
2 27414   2.1520  82.3396 0002465 125.0713 235.2343  1.00272598 56868
NSS-6                   
1 27603U 02057A   17294.94614360 -.00000281  00000-0  00000-0 0  9990
2 27603   0.0480  79.5587 0002645 149.6067 237.0290  1.00270745 54416
AMC-9 (GE-12)           
1 27820U 03024A   17295.20316066  .00000104  00000-0  00000+0 0  9990
2 27820   0.2463  89.6367 0016373 281.4948 317.7047  0.99795965 52646
AMC-10 (GE-10)          
1 28154U 04003A   17295.46240330  .00000078  00000-0  00000+0 0  9997
2 28154   0.0511  73.9242 0001630  78.6284 270.0043  1.00271415 50250
AMC-11 (GE-11)          
1 28252U 04017A   17294.65081701  .00000057  00000-0  00000+0 0  9993
2 28252   0.0631  73.0013 0002406 140.5395 280.0526  1.00271368 49019
AMC-15                  
1 28446U 04041A   17295.21090236 -.00000100  00000-0  00000+0 0  9991
2 28446   0.0559  64.1736 0002381 171.1053 126.4538  1.00274815 47709
AMC-16                  
1 28472U 04048A   17295.15674559 -.00000217  00000-0  00000+0 0  9995
2 28472   0.0516  68.8628 0002727 154.9221 138.4527  1.00271794 47133
NSS-10 (AMC-12)         
1 28526U 05003A   17295.17828102 -.00000261  00000-0  00000+0 0  9993
2 28526   0.0166 315.6364 0002630 245.4049 216.5120  1.00273183 46636
ASTRA 1KR               
1 29055U 06012A   17295.03518334  .00000110  00000-0  00000+0 0  9992
2 29055   0.0668 273.4908 0005027 308.9988 200.0747  1.00275173 42052
AMC-18                  
1 29644U 06054B   17295.52194619 -.00000099  00000-0  00000+0 0  9999
2 29644   0.0510  76.9911 0002434 141.0764 256.0530  1.00272611 39870
ASTRA 1L                
1 31306U 07016A   17294.59702042  .00000108  00000-0  00000-0 0  9998
2 31306   0.0819 297.7143 0003792 314.7825  11.9005  1.00275266 13387
ASTRA 4A (SIRIUS 4)     
1 32299U 07057A   17294.68379348  .00000021  00000-0  00000-0 0  9998
2 32299   0.0142 310.0686 0002805 263.7199  67.5126  1.00272900 20011
AMC-21                  
1 33275U 08038B   17294.43275441  .00000024  00000-0  00000-0 0  9998
2 33275   0.0543  64.8264 0002554 166.1043 190.0519  1.00273354 33771
ASTRA 1M                
1 33436U 08057A   17295.39007618  .00000110  00000-0  00000+0 0  9998
2 33436   0.0510  87.2470 0004269  86.3759  17.0229  1.00273585 32797
CIEL-2                  
1 33453U 08063A   17295.47448010  .00000048  00000-0  00000+0 0  9998
2 33453   0.0492  74.6645 0002995 139.3963 219.0149  1.00271056 32470
NSS-9                   
1 33749U 09008A   17295.51160398  .00000062  00000-0  00000+0 0  9997
2 33749   0.0199  51.4691 0002024 146.9554 199.9801  1.00271904 31886
SES-7 (PROTOSTAR 2)     
1 34941U 09027A   17294.88096812 -.00000357  00000-0  00000-0 0  9990
2 34941   0.0585  73.5215 0002130 188.9067 193.5072  1.00271626 30958
NSS-12                  
1 36032U 09058A   17294.75702020  .00000060  00000-0  00000+0 0  9997
2 36032   0.0047  93.9735 0002617 125.0861 140.9215  1.00270144 29251
SES-1                   
1 36516U 10016A   17295.52832184 -.00000124  00000-0  00000+0 0  9993
2 36516   0.0175 312.2576 0001861 248.6813 279.4183  1.00273075 27457
ASTRA 3B                
1 36581U 10021A   17294.71647293  .00000125  00000-0  00000-0 0  9997
2 36581   0.0563 307.6729 0003137 266.2327  97.8861  1.00272193 27187
SES-3                   
1 37748U 11035A   17295.16160500 -.00000113  00000-0  00000+0 0  9997
2 37748   0.0447  64.3575 0002129 124.4339 157.1944  1.00272314 23002
ASTRA 1N                
1 37775U 11041A   17295.03518334  .00000109  00000-0  00000+0 0  9996
2 37775   0.0600  46.2511 0000903  71.5497 304.7532  1.00273972 22718
SES-2                   
1 37809U 11049A   17294.47684881 -.00000208  00000-0  00000+0 0  9991
2 37809   0.0431  63.4569 0002083 122.9185 288.4276  1.00272269 22326
QUETZSAT 1              
1 37826U 11054A   17295.11306653 -.00000253  00000-0  00000+0 0  9996
2 37826   0.0241 334.4341 0002318 215.1542 164.8770  1.00272699 22419
SES-4                   
1 38087U 12007A   17295.40466204 -.00000178  00000-0  00000+0 0  9992
2 38087   0.0237 322.5669 0002535 247.4232 304.7375  1.00271202 20806
SES-5                   
1 38652U 12036A   17295.00049355  .00000023  00000-0  00000+0 0  9990
2 38652   0.0475 265.9327 0001509 307.4069 182.4642  1.00273179 19388
ASTRA 2F                
1 38778U 12051A   17294.83703205  .00000139  00000-0  00000+0 0  9995
2 38778   0.0508 224.4035 0004284 355.6420 139.9504  1.00273492 18605
SES-6                   
1 39172U 13026A   17295.02734686 -.00000272  00000-0  00000+0 0  9995
2 39172   0.0381  25.9439 0001821 183.0782 150.9955  1.00271254 16046
O3B FM5                 
1 39188U 13031A   17294.63438950 -.00000030  00000-0  00000-0 0  9992
2 39188   0.0582   6.6108 0008397 201.3893 151.9602  5.00116010 79004
O3B FM4                 
1 39189U 13031B   17294.12671417 -.00000031  00000-0  00000-0 0  9995
2 39189   0.0314 356.0885 0001999  63.0794 300.8571  5.00115865 79003
O3B FM2                 
1 39190U 13031C   17294.30161659 -.00000030  00000-0  00000-0 0  9998
2 39190   0.0302 346.9599 0002585  62.7658 310.3022  5.00115740 78973
O3B PFM                 
1 39191U 13031D   17294.32490046 -.00000030  00000-0  00000-0 0  9996
2 39191   0.0497   5.7745 0002811 163.7920 190.4447  5.00116001 78977
ASTRA 2E                
1 39285U 13056A   17294.83616412  .00000139  00000-0  00000+0 0  9998
2 39285   0.0688 333.1736 0002376 236.7598 150.0802  1.00270891 14903
SES-8                   
1 39460U 13071A   17294.65208151 -.00000280  00000-0  00000+0 0  9995
2 39460   0.0235 228.4058 0001396 321.8155 169.7759  1.00267741 14183
ASTRA 5B                
1 39617U 14011B   17294.71666351  .00000143  00000-0  00000+0 0  9998
2 39617   0.0598 304.9329 0003666 257.2532 117.7037  1.00274381 13171
O3B FM3                 
1 40079U 14038A   17294.03690376 -.00000031  00000-0  00000+0 0  9997
2 40079   0.0402 359.6706 0004930 208.8330 151.4747  5.00115758 59964
O3B FM7                 
1 40080U 14038B   17294.59128661 -.00000030  00000-0  00000-0 0  9993
2 40080   0.0380   0.5628 0003195 210.6895 148.7341  5.00115493 59870
O3B FM6                 
1 40081U 14038C   17294.41441229 -.00000030  00000-0  00000-0 0  9993
2 40081   0.0392   0.1449 0003676 210.0095 149.8298  5.00114839 59844
O3B FM8                 
1 40082U 14038D   17294.05914912 -.00000031  00000-0  00000-0 0  9999
2 40082   0.0359 359.7375 0002926 184.7960 175.4690  5.00116066 59940
O3B FM10                
1 40348U 14083A   17294.08123055 -.00000031  00000-0  00000-0 0  9997
2 40348   0.0461   1.9503 0002675 232.1272 125.9029  5.00115935 51912
O3B FM11                
1 40349U 14083B   17294.30298242 -.00000030  00000-0  00000-0 0  9993
2 40349   0.0474   3.8989 0002204 222.6242 133.4639  5.00115734 51913
O3B FM12                
1 40350U 14083C   17294.36999876 -.00000030  00000-0  00000-0 0  9992
2 40350   0.0465   4.1812 0002349 206.6708 149.1395  5.00115578 51923
O3B FM9                 
1 40351U 14083D   17294.54737575 -.00000030  00000-0  00000+0 0  9998
2 40351   0.0485   3.2397 0002638 221.0518 135.6928  5.00115586 51948
ASTRA 2G                
1 40364U 14089A   17294.83707336  .00000138  00000-0  00000+0 0  9990
2 40364   0.0122   9.1055 0001669  73.0102 277.9033  1.00268308 10335
SES-9                   
1 41380U 16013A   17294.61516105 -.00000357  00000-0  00000+0 0  9990
2 41380   0.0233 289.5464 0000886 242.3413 188.1407  1.00271855  6065
SES-10                  
1 42432U 17017A   17295.10045936 -.00000284  00000-0  00000+0 0  9997
2 42432   0.0158 317.3174 0002512 263.8101 138.8813  1.00272848  2093
SES-15                  
1 42709U 17026A   17291.00000000 -.00000137  00000-0  00000+0 0  9999
2 42709   0.8030 200.0660 1619360 234.0340  93.0710  1.07649611  2446
