ISS (ZARYA)             
1 25544U 98067A   18039.95265046  .00001678  00000-0  32659-4 0  9999
2 25544  51.6426 297.9871 0003401  86.7895 100.1959 15.54072469 98577
TIANGONG 1              
1 37820U 11053A   18039.68728009  .00083965  11423-4  13276-3 0  9999
2 37820  42.7492 170.6911 0019034 342.9877 227.0355 16.03013234365586
AGGIESAT 4              
1 41313U 98067HP  18039.90747700  .00157568  22086-4  25805-3 0  9994
2 41313  51.6294 208.8470 0003489 295.9103  64.1549 16.02879255116454
FLOCK 2E'-1             
1 41479U 98067HZ  18039.79873014  .00062799  00000-0  22124-3 0  9992
2 41479  51.6297 236.0930 0001711 204.9528 155.1394 15.88517708 99196
FLOCK 2E'-3             
1 41480U 98067JA  18039.82143743  .00041068  00000-0  16611-3 0  9997
2 41480  51.6228 236.9512 0000799 184.0326 176.0672 15.85881729 99179
FLOCK 2E-1              
1 41483U 98067JD  18039.83504862  .00027765  00000-0  14495-3 0  9990
2 41483  51.6324 242.5313 0001213 185.2073 174.8916 15.80653572 98966
FLOCK 2E-2              
1 41484U 98067JE  18023.85566400  .18749729  12492-4  73737-3 0  9998
2 41484  51.6059 312.5354 0003784 256.0915 104.5100 16.43905394 96608
FLOCK 2E-3              
1 41486U 98067JG  18039.92470369  .00099884  00000-0  42849-3 0  9992
2 41486  51.6271 241.5329 0001885 237.2552 122.8270 15.84292158 99006
FLOCK 2E-4              
1 41487U 98067JH  18039.83026079  .00178608  23224-4  50296-3 0  9992
2 41487  51.6240 239.3489 0006011 238.6240 121.4179 15.93124953 99022
FLOCK 2E-6              
1 41563U 98067JM  18039.81245963  .01517239  19865-2  93469-3 0  9991
2 41563  51.6182 238.3526 0007932 285.7170  74.2773 16.17766589 97107
FLOCK 2E-5              
1 41564U 98067JN  18039.80813382  .00019511  00000-0  12256-3 0  9990
2 41564  51.6260 249.0772 0001483  58.9803 301.1343 15.76760930 96950
FLOCK 2E-7              
1 41565U 98067JP  18039.76936587  .00045717  00000-0  17159-3 0  9993
2 41565  51.6241 235.0711 0001666 286.8656  73.2166 15.87368503 97031
FLOCK 2E'-5             
1 41567U 98067JR  18039.84459763  .00016832  00000-0  11365-3 0  9999
2 41567  51.6323 252.4010 0002337 324.3505  35.7338 15.75222409 96782
FLOCK 2E'-6             
1 41568U 98067JS  18039.78690551  .00084390  00000-0  39980-3 0  9992
2 41568  51.6262 244.3360 0002089 290.2345  69.8432 15.82250921 96916
FLOCK 2E'-8             
1 41569U 98067JT  18039.76886127  .00050716  00000-0  17517-3 0  9994
2 41569  51.6274 233.6013 0001905 235.4140 124.6685 15.89001359 96934
FLOCK 2E-10             
1 41572U 98067JW  18039.92223966  .00240237  33868-4  58308-3 0  9996
2 41572  51.6287 235.4493 0006131 271.4069  88.6237 15.95808301 96908
FLOCK 2E-12             
1 41573U 98067JX  18039.79790031  .00221584  29922-4  60175-3 0  9999
2 41573  51.6253 233.0280 0003345 278.8559  81.2070 15.93765064 96921
FLOCK 2E-11             
1 41574U 98067JY  18039.76811235  .00238965  32498-4  71066-3 0  9991
2 41574  51.6194 232.6898 0003551 312.1182  47.9523 15.92013637 96922
FLOCK 2E'-9             
1 41575U 98067JZ  18039.76672269  .00098023  15194-4  21660-3 0  9992
2 41575  51.6218 226.5927 0002898 263.6024  96.4655 15.97914872 96991
FLOCK 2E'-10            
1 41576U 98067KA  18039.79591496  .00639662  21616-3  79177-3 0  9999
2 41576  51.6229 229.9758 0007464 289.8445  70.1763 16.07167227 96854
FLOCK 2E'-11            
1 41577U 98067KB  18039.76497915  .00162857  00000-0  54814-3 0  9997
2 41577  51.6290 235.9384 0003124 291.1100  68.9571 15.89046966 96596
FLOCK 2E'-12            
1 41578U 98067KC  18039.78292324  .00165698  23089-4  28113-3 0  9992
2 41578  51.6157 226.6515 0005476 258.9686 101.0708 16.02245397 96714
FLOCK 2E'-13            
1 41761U 98067KH  18039.86240436  .00048368  00000-0  34592-3 0  9998
2 41761  51.6327 271.4196 0005409 102.4771 257.6833 15.73222219 79975
FLOCK 2E'-14            
1 41762U 98067KJ  18039.85371979  .00010803  00000-0  10152-3 0  9994
2 41762  51.6358 272.9390 0005677  76.1862 283.9766 15.67740519 79953
FLOCK 2E'-16            
1 41763U 98067KK  18039.87422711  .00034516  00000-0  23464-3 0  9995
2 41763  51.6340 269.2947 0005236 119.3971 240.7552 15.74565622 79967
FLOCK 2E'-15            
1 41764U 98067KL  18039.90010255  .00010165  00000-0  99553-4 0  9993
2 41764  51.6361 273.9996 0005552  82.1356 278.0270 15.66786599 79906
TIANGONG-2              
1 41765U 16057A   18039.87401307  .00003744  00000-0  49039-4 0  9990
2 41765  42.7849  27.6714 0002097  71.4143   6.5266 15.60310556 79939
FLOCK 2E'-18            
1 41769U 98067KM  18039.94056856  .00010284  00000-0  10045-3 0  9999
2 41769  51.6361 273.5133 0004662 100.7245 259.4276 15.66842335 79916
FLOCK 2E'-17            
1 41776U 98067KN  18039.90565098  .00040358  00000-0  30513-3 0  9993
2 41776  51.6349 271.7957 0005506 130.1772 229.9708 15.71992651 79920
FLOCK 2E'-19            
1 41777U 98067KP  18039.86098967  .00051665  00000-0  35798-3 0  9998
2 41777  51.6334 263.8699 0003100 117.3003 242.8312 15.73945770 79985
FLOCK 2E'-20            
1 41782U 98067KQ  18039.90579566  .00016178  00000-0  12712-3 0  9999
2 41782  51.6344 266.4874 0003787 105.9270 254.2146 15.71679678 79820
BANXING-2               
1 41834U 16057H   18039.77906535  .00012481  00000-0  85942-4 0  9990
2 41834  42.7825 358.3493 0008166 130.4613 304.8122 15.74523123 74323
STARS-C                 
1 41895U 98067KR  18039.82497413  .00210705  28816-4  48997-3 0  9990
2 41895  51.6285 259.7107 0004844 200.3374 159.7442 15.96640691 65242
ITF-2                   
1 41932U 98067KU  18039.93002562  .00018821  00000-0  16460-3 0  9997
2 41932  51.6375 277.9862 0004587  86.1926 273.9595 15.68951514 60589
WASEDA-SAT3             
1 41933U 98067KV  18039.88244818  .00026375  00000-0  20374-3 0  9996
2 41933  51.6348 275.3390 0004248  93.6967 266.4517 15.71716827 60615
AOBA-VELOX 3            
1 41935U 98067KX  18039.91213631  .00023505  00000-0  19012-3 0  9990
2 41935  51.6363 276.3405 0003970  92.5281 267.6171 15.70689782 60707
OSNSAT                  
1 41939U 98067KZ  18011.28402027  .11925055  12489-4  54124-3 0  9997
2 41939  51.6147  38.9582 0001091 231.1728 128.9202 16.43639489 55773
LEMUR-2-REDFERN-GOES    
1 42059U 98067LA  18039.87558300  .00023308  00000-0  20730-3 0  9998
2 42059  51.6355 281.3212 0006480 108.6091 251.5610 15.68370838 53028
LEMUR-2-TRUTNA          
1 42067U 98067LC  18039.88182328  .00064152  00000-0  29851-3 0  9996
2 42067  51.6422 268.5295 0004412 136.7142 223.4209 15.82733786 53025
LEMUR-2-AUSTINTACIOUS   
1 42068U 98067LD  18039.91589490  .00025519  00000-0  20522-3 0  9992
2 42068  51.6359 278.5858 0005811 104.9089 255.2552 15.70765753 52997
LEMUR-2-TRUTNAHD        
1 42069U 98067LE  18039.92106483  .00023097  00000-0  19865-3 0  9998
2 42069  51.6364 280.1507 0005791 108.2727 251.8901 15.69203259 53028
HAVELSAT                
1 42700U 98067LH  18039.90790290  .00016738  00000-0  17314-3 0  9994
2 42700  51.6374 287.5730 0005611 128.1639 231.9863 15.64855649 41893
SOMP 2                  
1 42701U 98067LJ  18039.89943898  .00015388  00000-0  16329-3 0  9992
2 42701  51.6371 288.2661 0005629 127.0877 233.0633 15.64281293 41877
COLUMBIA                
1 42702U 98067LK  18039.91621083  .00184214  23496-4  60061-3 0  9990
2 42702  51.6275 273.1841 0005994 180.7844 179.3154 15.90287868 42008
SGSAT                   
1 42703U 98067LL  18039.89172233  .00063045  00000-0  39117-3 0  9994
2 42703  51.6343 279.8670 0002850 127.9003 232.2255 15.76405015 41905
CXBN-2                  
1 42704U 98067LM  18039.89711056  .00016489  00000-0  17332-3 0  9992
2 42704  51.6377 288.2588 0002404  87.4996 272.6274 15.64470948 41803
ICECUBE                 
1 42705U 98067LN  18039.93939229  .00028359  00000-0  25526-3 0  9995
2 42705  51.6410 285.5840 0002157  88.4953 271.6291 15.67973414 41900
PHOENIX                 
1 42706U 98067LP  18039.95252612  .00015094  00000-0  16135-3 0  9990
2 42706  51.6372 287.8745 0001866 102.1377 257.9827 15.64120043 41807
X-CUBESAT               
1 42707U 98067LQ  18039.91524495  .00016892  00000-0  17396-3 0  9995
2 42707  51.6352 287.5966 0002007 106.1736 253.9481 15.64970674 41792
QBEE50-LTU-OC           
1 42708U 98067LR  18039.93943392  .00016532  00000-0  17293-3 0  9996
2 42708  51.6371 287.7716 0002038 105.5018 254.6202 15.64592038 41758
ALTAIR PATHFINDER       
1 42711U 98067LS  18039.90921675  .00010454  00000-0  12789-3 0  9999
2 42711  51.6376 291.3296 0004417  69.8679 290.2790 15.61018850 41412
SHARC                   
1 42712U 98067LT  18039.90688870  .00008053  00000-0  10355-3 0  9996
2 42712  51.6392 292.0937 0002810  79.7794 280.3516 15.60080368 41647
ZA-AEROSAT              
1 42713U 98067LU  18039.94786176  .00013643  00000-0  15272-3 0  9993
2 42713  51.6364 289.3373 0002554  74.0283 286.0992 15.63034315 41449
LINK                    
1 42714U 98067LV  18039.90290026  .00028663  00000-0  25885-3 0  9993
2 42714  51.6337 285.9943 0002472  90.2434 269.8846 15.67885605 41595
CSUNSAT 1               
1 42715U 98067LW  18039.93577460  .00014168  00000-0  15684-3 0  9998
2 42715  51.6378 289.2627 0004224  64.6021 295.5411 15.63280667 41442
UPSAT                   
1 42716U 98067LX  18039.93852471  .00023323  00000-0  22223-3 0  9997
2 42716  51.6362 286.2679 0004240 131.6400 228.4960 15.66676590 41614
SPACECUBE               
1 42717U 98067LY  18039.89685031  .00016316  00000-0  17140-3 0  9995
2 42717  51.6363 288.2404 0004282 128.4088 231.7292 15.64490352 40821
HOOPOE                  
1 42718U 98067LZ  18039.94792207  .00020008  00000-0  19982-3 0  9995
2 42718  51.6370 287.0834 0004205 128.1847 231.9527 15.65606877 40846
CHALLENGER              
1 42721U 98067MA  18039.91630171  .00033144  00000-0  27534-3 0  9994
2 42721  51.6350 284.5819 0006233 118.7370 241.4254 15.69828004 40577
NJUST-1                 
1 42722U 98067MB  18039.94410434  .00012276  00000-0  14133-3 0  9990
2 42722  51.6374 290.0657 0006933 111.8711 248.3021 15.62404017 40504
UNSW-ECO                
1 42723U 98067MC  18039.91700562  .00021033  00000-0  20852-3 0  9998
2 42723  51.6381 287.6389 0006400 113.1827 246.9843 15.65742560 40517
DUTHSAT                 
1 42724U 98067MD  18039.90347482  .00033636  00000-0  28781-3 0  9997
2 42724  51.6354 285.2680 0005560 120.0006 240.1543 15.69107041 40480
LILACSAT-1              
1 42725U 98067ME  18039.94207859  .00015949  00000-0  17353-3 0  9995
2 42725  51.6373 289.3031 0005963 114.6636 245.4980 15.63604405 40430
NSIGHT-1                
1 42726U 98067MF  18039.91317458  .00006274  00000-0  84306-4 0  9994
2 42726  51.6392 292.8804 0006504 113.5431 246.6246 15.59353896 40373
SNUSAT-1                
1 42727U 98067MG  18039.94629194  .00015828  00000-0  17269-3 0  9999
2 42727  51.6358 289.3025 0007225  80.6348 279.5463 15.63532247 40385
QBITO                   
1 42728U 98067MH  18039.92961149  .00016764  00000-0  17604-3 0  9990
2 42728  51.6393 288.4976 0003739 120.2291 239.9074 15.64477515 40233
AALTO-2                 
1 42729U 98067MJ  18039.92422985  .00016961  00000-0  17725-3 0  9994
2 42729  51.6374 288.4361 0003675 120.2454 239.8906 15.64590784 40249
SUSAT                   
1 42730U 98067MK  18039.89940719  .00016094  00000-0  17233-3 0  9993
2 42730  51.6369 289.0118 0003762 116.7631 243.3749 15.64016295 40230
I-INSPIRE II            
1 42731U 98067ML  18039.95107942  .00019629  00000-0  19193-3 0  9998
2 42731  51.6362 287.0798 0006025  71.6895 288.4755 15.66143671 40308
POLYITAN-2-SAU          
1 42732U 98067MM  18039.90630814  .00017556  00000-0  18170-3 0  9994
2 42732  51.6368 288.2926 0006262  68.5857 291.5805 15.64796622 40283
SNUSAT-1B               
1 42733U 98067MN  18039.90089695  .00016428  00000-0  17576-3 0  9996
2 42733  51.6370 289.0128 0006462  70.4181 289.7511 15.64006947 40270
EXALTA-1                
1 42734U 98067MP  18039.95661023  .00024433  00000-0  23703-3 0  9997
2 42734  51.6353 287.1155 0007532  92.9944 267.1913 15.66176787 40252
AOXIANG-1               
1 42735U 98067MQ  18039.92914980  .00012454  00000-0  14230-3 0  9993
2 42735  51.6368 289.9541 0007401 108.8747 251.3050 15.62580731 41635
BEEAGLESAT              
1 42736U 98067MR  18039.94732953  .00014903  00000-0  16410-3 0  9997
2 42736  51.6364 289.3227 0007201 108.9034 251.2741 15.63352299 40334
ATLANTIS                
1 42737U 98067MS  18039.88792792  .00108256  00000-0  50521-3 0  9994
2 42737  51.6267 277.5220 0005521 144.1736 215.9638 15.82457562 40379
ISS DEB (ROSA)          
1 42813U 98067MT  18034.62290082  .15228575  12406-4  85364-3 0  9994
2 42813  51.6149 299.9923 0007135 247.0242 113.0033 16.41949671 35003
SOYUZ-MS 06             
1 42937U 17054A   18039.61068125  .00001989  00000-0  37360-4 0  9992
2 42937  51.6425 299.6922 0003340  85.6278 346.8952 15.54072719 23132
PROGRESS-MS 07          
1 42971U 17065A   18039.61068125  .00001989  00000-0  37360-4 0  9992
2 42971  51.6425 299.6922 0003340  85.6278 346.8952 15.54072719 18246
SIMPL                   
1 42983U 98067NF  18039.75992968  .00002398  00000-0  41745-4 0  9999
2 42983  51.6426 298.3693 0005375  87.2071  20.3911 15.55305567 16226
ECAMSAT                 
1 43019U 98067NG  18039.92866091  .00004418  00000-0  70053-4 0  9995
2 43019  51.6402 297.4752 0005670  61.6956 298.4607 15.55653961 98575
ASTERIA                 
1 43020U 98067NH  18039.90994380  .00009974  00000-0  14514-3 0  9999
2 43020  51.6403 297.3546 0002926  65.0071 295.1224 15.56419464 12490
DELLINGR (RBLE)         
1 43021U 98067NJ  18039.92736619  .00005409  00000-0  83820-4 0  9997
2 43021  51.6402 297.4687 0002747  64.4801 295.6474 15.55771548 12497
TECHEDSAT 6             
1 43026U 98067NK  18039.90838727  .00053821  00000-0  56640-3 0  9993
2 43026  51.6371 295.0835 0004096 132.2165 227.9178 15.63743938 12425
OSIRIS-3U               
1 43027U 98067NL  18039.86180204  .00016706  00000-0  22464-3 0  9997
2 43027  51.6392 297.0313 0003371  53.4679 306.6624 15.58011580 12371
DRAGON CRS-13           
1 43060U 17080A   18013.43819444 -.00000207  00000-0  40301-5 0  9992
2 43060  51.6410  69.9362 0005652 135.1181 288.6702 15.56261152  4488
SOYUZ-MS 07             
1 43063U 17081A   18039.61068125  .00001989  00000-0  37360-4 0  9993
2 43063  51.6425 299.6922 0003340  85.6278 346.8952 15.54072719  8271
