TDRS 3                  
1 19548U 88091B   18062.45521815 -.00000317  00000-0  00000-0 0  9993
2 19548  14.4419   5.3397 0039744 315.0803 302.1063  1.00280291 95008
HST                     
1 20580U 90037B   18063.22037535  .00000429  00000-0  15286-4 0  9990
2 20580  28.4698  88.9713 0002982  91.5333 339.3535 15.08988950329597
TDRS 5                  
1 21639U 91054B   18062.22474400  .00000067  00000-0  00000-0 0  9993
2 21639  14.5186  18.7110 0026183 341.9865  73.4012  1.00272169 97340
TDRS 6                  
1 22314U 93003B   18062.28865354 -.00000312  00000-0  00000-0 0  9992
2 22314  14.0718  21.6909 0008835 318.2472 238.9006  1.00265514 92084
TDRS 7                  
1 23613U 95035B   18062.88865396 -.00000219  00000-0  00000-0 0  9990
2 23613  15.0491  12.3948 0032538   0.0156 193.9087  1.00275254 82897
ISS (ZARYA)             
1 25544U 98067A   18062.83561485  .00001773  00000-0  33956-4 0  9995
2 25544  51.6409 183.9133 0003140 148.5049 349.9192 15.54178548102136
LANDSAT 7               
1 25682U 99020A   18062.76442164  .00000033  00000-0  17413-4 0  9990
2 25682  98.1812 134.9058 0000655  91.1391 268.9848 14.57123619  4394
TERRA                   
1 25994U 99068A   18063.25642571 -.00000035  00000-0  23980-5 0  9997
2 25994  98.2145 139.6064 0000877  66.8754 293.2549 14.57106675968545
TDRS 8                  
1 26388U 00034A   18062.45433599 -.00000249  00000-0  00000-0 0  9999
2 26388   7.9178  53.6924 0010103 275.0733  84.9379  1.00265246 64828
TIMED                   
1 26998U 01055B   18063.41458638  .00000120  00000-0  17097-4 0  9993
2 26998  74.0728 157.2797 0000533 244.1290 115.9836 14.87995708880181
TDRS 9                  
1 27389U 02011A   18062.76928354 -.00000126  00000-0  00000-0 0  9994
2 27389   5.7788  76.0016 0024014 252.9351  97.2501  1.00272879 60088
AQUA                    
1 27424U 02022A   18062.94552300  .00000121  00000-0  37033-4 0  9994
2 27424  98.2249   5.7190 0002358  50.2390  16.3393 14.57102892842057
TDRS 10                 
1 27566U 02055A   18062.19684084  .00000053  00000-0  00000-0 0  9993
2 27566   5.4771  57.2802 0012709 243.8379 116.2475  1.00269650 55871
SORCE                   
1 27651U 03004A   18062.91743834  .00000085  00000-0  23038-4 0  9997
2 27651  39.9963 314.1118 0024580 259.6476 100.1542 14.88819728819477
AURA                    
1 28376U 04026A   18062.93843209  .00000100  00000-0  32311-4 0  9998
2 28376  98.2251   7.8784 0001502  57.6314 302.5029 14.57109520725103
SWIFT                   
1 28485U 04047A   18063.22130936  .00000893  00000-0  31200-4 0  9996
2 28485  20.5570 116.4207 0011041 284.3938  75.5270 15.04036219727400
THEMIS A                
1 30580U 07004A   18062.15140762 -.00000630  00000-0  00000-0 0  9990
2 30580   8.8295 162.9081 8311797 186.5554 142.5273  0.87835433 39352
THEMIS D                
1 30797U 07004D   18062.11559368 -.00000771  00000-0  00000+0 0  9997
2 30797   4.8914 127.9744 8469249 233.8454  18.0900  0.75211197 39934
THEMIS E                
1 30798U 07004E   18062.07958002 -.00000708  00000-0  00000+0 0  9991
2 30798   5.7149 152.4279 8388043 207.2373  56.0984  0.81574415 39765
AIM                     
1 31304U 07015A   18062.58893260  .00000276  00000-0  19919-4 0  9990
2 31304  98.0002 258.9616 0004740 348.9128  11.1996 15.12575316594145
FGRST (GLAST)           
1 33053U 08029A   18063.21416882  .00000491  00000-0  11436-4 0  9996
2 33053  25.5836  33.9385 0012699  51.4003 308.7668 15.11051951536692
WISE                    
1 36119U 09071A   18062.65761046  .00000615  00000-0  24587-4 0  9991
2 36119  97.4260  95.2313 0004279 106.3905 253.7806 15.28878106455897
TDRS 11                 
1 39070U 13004A   18062.93829689  .00000068  00000-0  00000+0 0  9991
2 39070   5.0450 328.6013 0010308 317.0665  42.8453  1.00263576 18632
TDRS 12                 
1 39504U 14004A   18062.59868121 -.00000295  00000-0  00000-0 0  9994
2 39504   5.6872 335.9504 0004377   8.1862 351.8379  1.00270550 13927
GPM-CORE                
1 39574U 14009C   18062.91141172  .00002340  00000-0  37648-4 0  9996
2 39574  65.0075 116.6280 0011544 289.7435  70.2466 15.56006846227917
MMS 1                   
1 40482U 15011A   18061.66666667 -.00000629  00000-0  00000-0 0  9999
2 40482  15.6935 309.9686 9061790 163.8460 158.7257  0.35508432  8575
MMS 2                   
1 40483U 15011B   18060.62780757 -.00000557  00000-0  00000-0 0  9992
2 40483  15.7268 309.9328 9062751 163.8353  25.9811  0.35511360  8562
MMS 3                   
1 40484U 15011C   18061.66666667 -.00000629  00000-0  00000-0 0  9991
2 40484  15.6923 309.9524 9060796 163.8552 158.7330  0.35508529  8560
MMS 4                   
1 40485U 15011D   18060.62780757 -.00000557  00000-0  00000-0 0  9994
2 40485  15.7299 309.9328 9062338 163.8384  25.9598  0.35511465  8550
JPSS-1                  
1 43013U 17073A   18062.91471177 -.00000041  00000-0  11936-5 0  9994
2 43013  98.7169   2.8084 0000999  99.0118 261.1171 14.19552545 14971
