COSMOS 2522 [GLONASS-M] 
1 42939U 17055A   17288.68103264  .00000015  00000-0  00000+0 0  9996
2 42939  64.7984 300.8086 0010314 248.4384 203.3621  2.13101849   505
FREGAT R/B              
1 42940U 17055B   17265.71735375 -.00000020  00000-0  00000+0 0  9998
2 42940  64.7744 301.5405 0078197 123.6534   5.9041  2.09042351    13
ASIASAT 9               
1 42942U 17057A   17288.56299463 -.00000387  00000-0  00000-0 0  9990
2 42942   0.0440 295.0655 0001293 158.1798 255.3056  1.00270873   180
BREEZE-M R/B            
1 42943U 17057B   17288.22334753 -.00000027  00000-0  00000+0 0  9996
2 42943  23.7433 297.4130 6086617   7.0795 358.7287  2.14914073   342
BREEZE-M DEB [TANK]     
1 42944U 17057C   17288.80462420  .00000048  00000-0  00000+0 0  9996
2 42944  49.6900 286.9192 5222082   3.7744 359.0122  5.21703255   884
YAOGAN-30 A             
1 42945U 17058A   17288.76171641  .00000331  00000-0  34389-4 0  9992
2 42945  35.0026 309.4604 0009064  16.5234 343.5769 14.92423456  2489
YAOGAN-30 B             
1 42946U 17058B   17288.71219046  .00000101  00000-0  13190-4 0  9992
2 42946  35.0007 310.0006 0003008  30.9049 329.1831 14.89612180  2478
YAOGAN-30 C             
1 42947U 17058C   17288.86461419  .00000852  00000-0  96774-4 0  9994
2 42947  35.0011 309.3462 0005067 211.0304 149.0130 14.86775316  2484
CZ-2C R/B               
1 42948U 17058D   17288.42342378  .00000182  00000-0  26369-4 0  9998
2 42948  34.9302 313.1214 0067366  29.0528 331.3902 14.79593183  2383
INTELSAT 37E (IS-37E)   
1 42950U 17059A   17287.49042019 -.00000150  00000-0  00000+0 0  9992
2 42950   0.1255 194.3630 1618492 157.2796 155.0887  1.25634743   277
BSAT-4A                 
1 42951U 17059B   17288.58350964 -.00000352  00000-0  00000-0 0  9990
2 42951   0.0349 313.2688 0003352 180.1077 204.7894  1.00269606   191
ARIANE 5 R/B            
1 42952U 17059C   17287.58810995  .00000631  00000-0  46137-3 0  9998
2 42952   5.7888 161.3741 7273955 187.6506 147.6142  2.27903756   336
ARIANE 5 DEB [SYLDA]    
1 42953U 17059D   17287.93701564  .00009314  00000-0  37234-2 0  9993
2 42953   5.9723 158.7645 7265749 190.4108 136.4786  2.29209977   349
VRSS-2                  
1 42954U 17060A   17288.79665369 -.00000281  00000-0 -33176-4 0  9992
2 42954  98.0230   2.2287 0017790 262.7222  97.1937 14.75963526   965
IRIDIUM 133             
1 42955U 17061A   17288.48999340  .00000034  00000-0  29345-5 0  9997
2 42955  86.5216 268.4833 0000316 163.3828 196.7390 14.55308303   872
IRIDIUM 100             
1 42956U 17061B   17288.45350620  .00000118  00000-0  17510-4 0  9990
2 42956  86.5885 268.5005 0001943  98.7695 261.3738 14.65326747   875
IRIDIUM 122             
1 42957U 17061C   17287.86575211  .00000046  00000-0  54798-5 0  9990
2 42957  86.5190 268.7442 0001970  61.3196 298.8211 14.56886752   782
IRIDIUM 129             
1 42958U 17061D   17288.25032085  .00000121  00000-0  17940-4 0  9993
2 42958  86.6004 268.5879 0001492  75.2476 284.8903 14.65714031   844
IRIDIUM 119             
1 42959U 17061E   17288.37530714  .00000138  00000-0  20756-4 0  9996
2 42959  86.5793 268.5375 0010647 203.9593 156.1127 14.66302887   866
IRIDIUM 107             
1 42960U 17061F   17288.57166511  .00000052  00000-0  29991-5 0  9996
2 42960  86.6790 268.4472 0012244 198.6147 161.4630 14.83429458   897
IRIDIUM 132             
1 42961U 17061G   17287.82940924  .00000850  00000-0  10000-3 0  9997
2 42961  86.6778 268.7538 0011639 202.7249 157.3571 14.83500984   787
IRIDIUM 136             
1 42962U 17061H   17288.23388887  .00000851  00000-0  10000-3 0  9999
2 42962  86.6778 268.5868 0011974 199.6741 160.4118 14.83563467   849
IRIDIUM 139             
1 42963U 17061J   17288.30117122  .00000046  00000-0  22731-5 0  9992
2 42963  86.6797 268.5617 0012755 197.2112 162.8681 14.83602948   857
IRIDIUM 125             
1 42964U 17061K   17288.36846622  .00000195  00000-0  20266-4 0  9998
2 42964  86.6814 268.5346 0012734 195.7350 164.3480 14.83643256   863
QZS-4 (MICHIBIKI-4)     
1 42965U 17062A   17288.54424361 -.00000237  00000-0  00000+0 0  9999
2 42965  40.4513  24.6944 0334367 269.2393  87.4751  0.94587977    79
H-2A R/B                
1 42966U 17062B   17287.90656350 -.00000557  00000-0  00000-0 0  9990
2 42966  31.8714  23.0338 7241187 182.7172 168.4342  2.30739853   110
SES-11 (ECHOSTAR 105)   
1 42967U 17063A   17288.35049252 -.00000195  00000-0  00000+0 0  9996
2 42967   3.5596 196.5460 2411266 177.7358  13.0724  1.18339725    61
FALCON 9 R/B            
1 42968U 17063B   17286.74704072  .00001301  00000-0  18573-2 0  9992
2 42968  27.8695 195.2525 7503639 179.0252 184.6057  1.97924550    43
SENTINEL-5P             
1 42969U 17064A   17288.56160654 -.00000518  00000-0 -21397-3 0  9998
2 42969  98.7237 226.7797 0001964  67.3254 292.8074 14.22189181   295
BREEZE-KM R/B           
1 42970U 17064B   17288.59706802 -.00000112  00000-0  10599-6 0  9998
2 42970  98.7424 227.0650 0254123 301.0619  56.5879 14.92545304   318
PROGRESS-MS 07          
1 42971U 17065A   17288.90290509  .00133252  00000-0  59051-3 0  9991
2 42971  51.6409 156.6542 0022489 220.0188 338.4637 15.83103701   244
SL-4 R/B                
1 42972U 17065B   17289.01276591  .04799961  12368-4  47510-3 0  9990
2 42972  51.6639 155.5792 0013735  68.7601 291.7379 16.37006688   279
