NOAA 15                 
1 25338U 98030A   17288.49529043  .00000057  00000-0  23836-4 0  9991
2 25338  98.7843 299.6383 0010164 216.8147 143.2938 14.25820166 10144
METEOSAT-8 (MSG-1)      
1 27509U 02040B   17279.06646508  .00000135  00000-0  00000+0 0  9998
2 27509   5.0300  57.8744 0001478 259.0735 123.4718  1.00281073 55401
KALPANA-1 (METSAT 1)    
1 27525U 02043A   17278.90674893 -.00000082  00000-0  00000+0 0  9991
2 27525   6.5295  54.5018 0014129 225.2683 134.7139  1.00270687 55197
NOAA 18                 
1 28654U 05018A   17288.48807442  .00000169  00000-0  91852-4 0  9997
2 28654  99.1784 313.5979 0014690  94.0633 266.2836 14.12354577639243
METEOSAT-9 (MSG-2)      
1 28912U 05049B   17279.27013733  .00000054  00000-0  00000+0 0  9990
2 28912   2.4142  71.3380 0001056 221.2560 189.1228  1.00268060 43235
HIMAWARI-7 (MTSAT-2)    
1 28937U 06004A   17279.27220008 -.00000252  00000-0  00000+0 0  9995
2 28937   0.0586  78.6150 0003749 117.6945  61.8452  1.00270947 42500
FORMOSAT-3 FM6          
1 29047U 06011A   17279.45272154  .00000113  00000-0  60865-4 0  9990
2 29047  71.9795 320.1555 0052201 318.6264  41.0923 14.28602074600653
FORMOSAT-3 FM1          
1 29048U 06011B   17279.29649173  .00000038  00000-0  31563-4 0  9991
2 29048  71.9667 232.4998 0046211 276.4486  83.1389 14.28537563603116
FORMOSAT-3 FM5          
1 29049U 06011C   17278.78915057  .00000106  00000-0  58353-4 0  9994
2 29049  72.0216  39.6172 0036614 311.6313  48.1689 14.28591368598825
FORMOSAT-3 FM3          
1 29050U 06011D   17279.46860173  .00000280  00000-0  69679-4 0  9996
2 29050  72.0147 284.7071 0051933 312.9265  46.7535 14.58561668612792
FORMOSAT-3 FM4          
1 29051U 06011E   17279.43889959  .00000115  00000-0  60763-4 0  9999
2 29051  72.0049 302.1733 0068668 189.9635 170.0145 14.28617548601501
FORMOSAT-3 FM2          
1 29052U 06011F   17279.43551382  .00000093  00000-0  52727-4 0  9992
2 29052  72.0367  13.4607 0042254 274.2455  85.3854 14.28712561599825
GOES 13                 
1 29155U 06018A   17278.16840859 -.00000261  00000-0  00000+0 0  9992
2 29155   0.0794 111.0101 0002603   4.9284 244.1182  1.00276460 41662
METOP-A                 
1 29499U 06044A   17288.43298774  .00000059  00000-0  26780-4 0  9998
2 29499  98.6648 345.9503 0000899 165.0108 195.1722 14.21510835570225
FENGYUN 2D              
1 29640U 06053A   17278.69385608 -.00000366  00000-0  10000-3 0  9995
2 29640   4.6506  63.8200 0007478 311.7893  12.4732  1.00280092 39701
FENGYUN 3A              
1 32958U 08026A   17288.45145670  .00000071  00000-0  33528-4 0  9994
2 32958  98.4035 311.0751 0009306 293.7299  66.3526 14.19676856486396
FENGYUN 2E              
1 33463U 08066A   17278.70902750 -.00000211  00000-0  00000-0 0  9999
2 33463   2.3848  67.6732 0005281 218.0873  70.8642  1.00271810 32239
NOAA 19                 
1 33591U 09005A   17288.43141343  .00000063  00000-0  34290-4 0  9995
2 33591  99.1077 257.0461 0013872 296.1360  63.8880 14.12217483447628
GOES 14                 
1 35491U 09033A   17278.25056128 -.00000103  00000-0  00000+0 0  9995
2 35491   0.3197 274.6656 0010309 305.4123 139.8759  1.00273491 30306
METEOR-M 1              
1 35865U 09049A   17288.48969551  .00000067  00000-0  30179-4 0  9999
2 35865  98.4207 304.7892 0002393 145.2017 214.9931 14.22121945419205
GOES 15                 
1 36411U 10008A   17278.33670683  .00000080  00000-0  00000+0 0  9992
2 36411   0.2931 275.7227 0005112 269.7634 174.5380  1.00273291 27833
COMS 1                  
1 36744U 10032A   17279.20674333 -.00000354  00000-0  00000+0 0  9996
2 36744   0.0292 117.2350 0000807 106.8398 353.6433  1.00270776 26801
FENGYUN 3B              
1 37214U 10059A   17288.45838869  .00000035  00000-0  17994-4 0  9991
2 37214  98.9099 247.2745 0016872 156.1210 204.1237 14.15862401359563
SUOMI NPP               
1 37849U 11061A   17288.46150604  .00000069  00000-0  32786-4 0  9997
2 37849  98.7062 225.5173 0000556 111.1701 249.0030 14.19549071309155
FENGYUN 2F              
1 38049U 12002A   17278.93174038 -.00000365  00000-0  00000-0 0  9994
2 38049   1.9341  78.1724 0003846 228.8645 155.0246  1.00268821 21047
METEOSAT-10 (MSG-3)     
1 38552U 12035B   17277.96110379 -.00000014  00000-0  00000+0 0  9999
2 38552   0.8375   5.8283 0001462 212.6199 141.5711  1.00264230 19364
METOP-B                 
1 38771U 12049A   17288.47135948  .00000077  00000-0  35228-4 0  9997
2 38771  98.7097 346.6999 0000715 279.4179  80.7543 14.21490063263363
FENGYUN 3C              
1 39260U 13052A   17279.33765115 -.00000003  00000-0  18930-4 0  9997
2 39260  98.6383 346.4140 0001567  67.2715 292.8629 14.19657084209158
METEOR-M 2              
1 40069U 14037A   17278.80882893 -.00000024  00000-0  87420-5 0  9998
2 40069  98.6427 331.1680 0004469 253.7649 106.3026 14.20645335168262
HIMAWARI-8              
1 40267U 14060A   17278.56919763 -.00000285  00000-0  00000-0 0  9997
2 40267   0.0202 149.8650 0001338  63.7528 146.4041  1.00271055 10905
FENGYUN 2G              
1 40367U 14090A   17279.37618669 -.00000339  00000-0  00000+0 0  9991
2 40367   0.2359 236.3173 0003357  39.5275 339.5505  1.00268434 10194
METEOSAT-11 (MSG-4)     
1 40732U 15034A   17278.61929558 -.00000040  00000-0  00000-0 0  9994
2 40732   1.6424 234.3961 0001121  20.6103 338.8367  1.00271507  8199
ELEKTRO-L 2             
1 41105U 15074A   17278.94746998 -.00000106  00000-0  00000-0 0  9997
2 41105   0.0776 304.9761 0002831 311.7470 175.1272  1.00271784  6674
HIMAWARI-9              
1 41836U 16064A   17278.56894054 -.00000285  00000-0  00000-0 0  9991
2 41836   0.0137 220.8445 0001078 357.0747 142.0732  1.00267637  3339
GOES 16                 
1 41866U 16071A   17279.20620482 -.00000193  00000-0  00000+0 0  9993
2 41866   0.0010 144.5534 0001025  99.6215 115.8145  1.00270269  3267
FENGYUN 4A              
1 41882U 16077A   17278.93055470 -.00000341  00000-0  00000-0 0  9991
2 41882   0.2163 281.1127 0006414 201.7427 331.6249  1.00274582  3131
CYGFM05                 
1 41884U 16078A   17278.81198556  .00000869  00000-0  48759-4 0  9995
2 41884  34.9569  58.9314 0017064 251.0431 108.8431 15.13708805 44615
CYGFM04                 
1 41885U 16078B   17279.39221938  .00000964  00000-0  53252-4 0  9991
2 41885  34.9502  54.0386 0015454 256.5477 103.3512 15.14171288 44711
CYGFM02                 
1 41886U 16078C   17278.76036737  .00000902  00000-0  50178-4 0  9999
2 41886  34.9595  58.5594 0016119 250.4516 109.4455 15.14014230 44615
CYGFM01                 
1 41887U 16078D   17278.81948941  .00000892  00000-0  50032-4 0  9992
2 41887  34.9536  58.9216 0017465 251.7998 108.0812 15.13691002 44618
CYGFM08                 
1 41888U 16078E   17278.78851294  .00000910  00000-0  50708-4 0  9994
2 41888  34.9506  58.6028 0016580 251.7904 108.1002 15.13897220 44609
CYGFM06                 
1 41889U 16078F   17278.77429389  .00000928  00000-0  51181-4 0  9995
2 41889  34.9587  57.7075 0014861 249.7223 110.1890 15.14274637 44613
CYGFM07                 
1 41890U 16078G   17278.82172101  .00000911  00000-0  50156-4 0  9993
2 41890  34.9525  57.0114 0014641 251.1649 108.7474 15.14367186 44623
CYGFM03                 
1 41891U 16078H   17279.40961785  .00000947  00000-0  52080-4 0  9990
2 41891  34.9558  53.3522 0014172 255.9799 103.9337 15.14372548 44712
