APRIZESAT 2             
1 28366U 04025A   17277.75985782  .00000045  00000-0  27967-4 0  9995
2 28366  98.3308 188.2248 0108975  82.4341 278.9208 14.36615605695321
SAUDICOMSAT 1           
1 28369U 04025D   17277.81473475  .00000105  00000-0  36648-4 0  9999
2 28369  98.2063 227.4197 0034643  47.9250 312.4883 14.52384917702649
SAUDICOMSAT 2           
1 28370U 04025E   17277.86188586  .00000091  00000-0  36430-4 0  9995
2 28370  98.3105 220.9122 0057898 175.3623 184.8118 14.47328870700305
APRIZESAT 1             
1 28372U 04025G   17277.84102967  .00000054  00000-0  25379-4 0  9993
2 28372  98.2653 223.5943 0047571 113.7741 246.8452 14.49512858701403
NANOSAT-1               
1 28493U 04049B   17277.78300790  .00000136  00000-0  28985-4 0  9997
2 28493  98.1931 348.4325 0004939  29.0461 331.1020 14.73352210687059
SAUDICOMSAT 7           
1 31119U 07012C   17277.88960521  .00000116  00000-0  31933-4 0  9999
2 31119  97.9622 236.7565 0061556  77.1852 283.6219 14.61609523557936
SAUDICOMSAT 6           
1 31121U 07012E   17277.84719887  .00000087  00000-0  27766-4 0  9991
2 31121  98.0272 229.3517 0077489 142.8587 217.8009 14.58409467556716
SAUDICOMSAT 5           
1 31124U 07012H   17277.89970145  .00000138  00000-0  35203-4 0  9997
2 31124  97.9232 241.2232 0052785  44.2923 316.2485 14.63300611558521
SAUDICOMSAT 3           
1 31125U 07012J   17277.89730980  .00000162  00000-0  38617-4 0  9998
2 31125  97.8835 245.9840 0043767  12.3124 347.9139 14.65023364559140
SAUDICOMSAT 4           
1 31127U 07012L   17277.86115312  .00000104  00000-0  30454-4 0  9990
2 31127  97.9941 233.3156 0069445 108.1085 252.7695 14.60120705557356
APRIZESAT 4             
1 35684U 09041D   17277.83875299  .00000143  00000-0  26460-4 0  9995
2 35684  98.1381 221.3222 0048637 103.8833 314.8742 14.79064218441286
APRIZESAT 3             
1 35686U 09041F   17277.89872449  .00000271  00000-0  35729-4 0  9997
2 35686  98.2802 282.0865 0073606  18.2259 342.1568 14.87120870443445
AISSAT 1                
1 36797U 10035C   17277.88285897  .00000319  00000-0  43035-4 0  9992
2 36797  98.0507  32.9552 0011184   5.9137 354.2207 14.85908475391466
